0.4996785639600174
0.49980089911064196
0.4998059804815292
0.4998068817840598
0.4998108935756421
0.4998270702316325
0.4998399632652056
0.49984261944286595
0.4998471614325174
0.49985635611275464
0.4998563857367187
0.49985967968054257
0.4998624527200403
0.4998655651510718
0.49986557426666517
0.49986566117319303
0.4998702803538396
0.4998816084861457
0.499886771040074
0.49989002911043234
0.4998966819600829
0.49989943964086425
0.4999030325403177
0.4999031837978422
0.4999151168087542
0.4999171579644477
0.4999174851530301
0.4999177813466243
0.4999205223790462
0.49992053902614214
0.49992243069514575
0.4999227036089784
0.4999235601415868
0.499926034650224
0.4999297422419361
0.49993841266513817
0.49993909080247917
0.4999420397648776
0.4999551324123427
0.4999601326497368
0.49996288263110367
0.4999680873343074
0.4999696653521223
0.49997005345986184
0.4999701859330834
0.49997526620399546
0.49998111515444177
0.49998554758627045
0.49998655239924
0.49998813754226035
0.4999909976244641
0.49999309755327176
0.49999497489653055
0.5000002613846541
0.500000540844779
0.5000097085467339
0.5000112810160854
0.500017707429958
0.5000186311176148
0.5000191372602826
0.5000219552450055
0.5000232445652878
0.5000241592841296
0.5000254190873514
0.500027772568739
0.500028864668848
0.5000301199760357
0.5000321377046362
0.500033310394723
0.5000394275544409
0.5000414138384995
0.5000421974051574
0.5000523143288522
0.5000544008337463
0.5000609861257926
0.5000617292524399
0.5000646065305149
0.5000669901815397
0.5000688143108629
0.5000698582541591
0.5000735204025827
0.500080437183596
0.5000826959825002
0.5000860282634153
0.5000874193571042
0.5000912007783656
0.5000987251612299
0.5001004925826448
0.5001062656356438
0.5001087422104193
0.5001148279592675
0.5001248591025508
0.5001340175242244
0.5001554497851104
0.5001560131065168
0.5001570725596604
0.5001702638934676
0.5001748776975754
0.5001867168165484
0.5001986222928867
