1.19973347881977
1.199801066203381
1.1998404476441136
1.19984423077776
1.1998448395885941
1.1998487880162731
1.1998546818706861
1.1998682256241087
1.1998709661789464
1.1998724892819523
1.199873669970876
1.1998741716509103
1.1998826009896963
1.1998840001394309
1.1998868315923303
1.1998870400720285
1.1998886233531139
1.1998916549617076
1.1998963669086395
1.1998965897038116
1.1999076500045467
1.1999095062628546
1.19991358002884
1.1999147191469999
1.1999176727863448
1.1999208595463366
1.1999208997348363
1.1999264835473318
1.1999293716392252
1.1999297229050698
1.1999328205952557
1.1999472186050744
1.199948760853132
1.199955234551432
1.1999576757574106
1.1999640421539226
1.1999677747891566
1.1999689568540632
1.1999702698541446
1.1999759518362576
1.199977930719465
1.1999794678801503
1.199982524188817
1.1999845905035829
1.1999849241576988
1.1999861273462522
1.1999894243882614
1.1999952041909103
1.1999970443335153
1.2000025492195394
1.200003765199825
1.2000037658055045
1.2000048630509526
1.200006816867818
1.2000126907792272
1.2000169005154933
1.2000211793971092
1.200021455636769
1.2000218651685324
1.2000221841039709
1.2000260103722427
1.2000263508834603
1.2000384513717792
1.2000387988228398
1.2000411037334213
1.2000453367039852
1.2000457330320715
1.200046718326038
1.2000471969456377
1.2000511663972215
1.2000573101983154
1.200058346605295
1.2000620385725633
1.2000643608923238
1.2000666966687397
1.2000717160553769
1.2000805570447566
1.2000869975073014
1.2000892848229883
1.200091298304918
1.2000922949040222
1.20009255047072
1.2000939993981103
1.2000960436274557
1.2001080257746102
1.200108467902865
1.2001178665238388
1.2001224981888265
1.2001259715568506
1.2001316892319127
1.200145462921867
1.2001457707581422
1.2001467744705123
1.2001595215154581
1.2001650184928399
1.2001750711003885
1.2001788215668734
1.200183494328922
1.2001987778069485
1.2002229515650464
