7 0.49293372642336414 0.3979063817056714 0.36170540381602556 1.1936402294272566
7 0.4984173854818517 0.41359935203652515 0.3694683198360991 1.197964787058272
7 0.4991295181000186 0.4155769653559433 0.412170118131415 1.1914120146122353
7 0.5042843753426105 0.4181140499298627 0.41426501736907595 1.1995126212816318
7 0.5007680742389672 0.4250053364722355 0.41639630372814807 1.2014993005623331
7 0.4973822239979383 0.4254273581402351 0.42928634511635944 1.2018016832380176
7 0.5060551637520911 0.4363570649132347 0.4354890712109166 1.1988842002907014
7 0.4933029244100599 0.4409179446766479 0.43778570494440927 1.2001991456131198
7 0.5001910786432355 0.4423140209111328 0.4393933065072846 1.2003871722393948
7 0.4981485367011712 0.44459639974845716 0.4399280643202383 1.201253289092706
7 0.5037970064678859 0.44470707173233837 0.44427503693836545 1.1922599381044934
7 0.49792510091583203 0.44606101542287246 0.44450556634284755 1.1956318586986143
7 0.49972019608168083 0.4493135208601694 0.4486838732575735 1.2018532478967894
7 0.4925299629347506 0.45078987119829783 0.45143661944869334 1.205762669349606
7 0.4998149974814197 0.45102305706962775 0.4528114138294455 1.1977208763422855
7 0.5003517869325551 0.4511818079182049 0.4543790891352186 1.1923903589628744
7 0.5047226282753303 0.45172982571854636 0.45567451520869984 1.1952095844943877
7 0.5047284558919605 0.45377454633470893 0.45695707687137455 1.195586665195155
7 0.5009766489676396 0.45438778735633895 0.4575455782295873 1.206777972209512
7 0.5062873276484519 0.45631538614720263 0.461298384310983 1.197416019200189
7 0.49037007565684865 0.45731148965130974 0.4636641656306026 1.1908133066634088
7 0.50241945826764 0.4580997181539944 0.4638035794110859 1.2023365921004345
7 0.49707844543456625 0.4585013186171336 0.4638772913007554 1.193669668606733
7 0.5030081750753449 0.45928641528893066 0.4643478392542586 1.2018123697471184
7 0.5031879755545287 0.46004272843352534 0.4655118750504326 1.1983651904781267
7 0.5066897717810797 0.4601091277575646 0.4691967096400646 1.196197289500067
7 0.4997187083039193 0.4617270391082969 0.4727763865760276 1.2044931057421187
7 0.4960295711851363 0.4642380260783598 0.4734087888134006 1.198878166345117
7 0.5080023173449844 0.4673667908868405 0.4737972391188452 1.2108371456352252
7 0.5068426825157214 0.47282773407769263 0.4761415931201014 1.203199583846784
7 0.4915028748389662 0.47488728115701695 0.4773277187581494 1.2016879685313413
7 0.49999956691446684 0.4751130869544736 0.4773934369048422 1.1958479114484877
7 0.5066024605260522 0.4751542609142409 0.47772241076284494 1.1999873860613897
7 0.5016881508658628 0.48045727690013157 0.4780503220319971 1.1976635601132872
7 0.5010671572054061 0.4818754794613443 0.4794434598626685 1.2017332839537458
7 0.48811949020226353 0.48232960731563634 0.4807109765966405 1.1932285900734727
7 0.5042073433800308 0.485101415864695 0.48169441287754217 1.1990641612090809
7 0.4973282049260205 0.4853833302004838 0.48226138533734353 1.2045997291043897
7 0.4933508418821528 0.4860216670411075 0.4829420273292379 1.2011004872263613
7 0.4977849832188114 0.486220374735431 0.4851652159392167 1.2048258646621568
7 0.5068935321247828 0.48622525960859403 0.4853755423939801 1.2009627861689849
7 0.5010600070524485 0.4877294105626643 0.4878451602457852 1.1995119804450387
7 0.5045603646212542 0.49060094869352033 0.4909891497291903 1.1979659770042597
7 0.4974020302065097 0.4925332280719956 0.49106279100636363 1.2012653531888264
7 0.49275681100759894 0.49322631508379283 0.4918754954391819 1.2020722026134356
7 0.4989741484618908 0.4937744415433996 0.4926666802022254 1.200719014818098
7 0.49827379180940196 0.4962835926931116 0.49541762801437955 1.1942083129120393
7 0.49901193911735625 0.4970177293464989 0.4957089004132364 1.2040015341944055
7 0.5011869023095128 0.4973106919532604 0.4957528444159382 1.2082736375751275
7 0.5037702673770861 0.5001159260397661 0.4962707247967452 1.2005260355266707
7 0.5025486406006223 0.5006712160772372 0.4976673030819172 1.1941629679330112
7 0.4920399783484018 0.5017787813895425 0.5001706420374262 1.1940904369745395
7 0.5075990409897274 0.5027725260800202 0.5008853732885444 1.2049859588335246
7 0.4965108905603335 0.5054366387757641 0.5009791133894519 1.1939633564419396
7 0.49465277011887804 0.506645533544642 0.503516485599759 1.2066246646183494
7 0.48700903597013645 0.5117691771022909 0.5053329022380803 1.1998564356290058
7 0.509896149337234 0.5126603200103942 0.506995397111283 1.2002307399750962
7 0.4968044361170726 0.5127452513388081 0.507117354955103 1.1942465473186727
7 0.5033769599708292 0.5157192305312533 0.5099592230637289 1.195764030046713
7 0.5005144046359022 0.5163939180606996 0.5130887269529611 1.200378632911596
7 0.5085551919207074 0.5188029962275518 0.5136016252083626 1.1975877539943338
7 0.5003549979817118 0.5232007550603439 0.5139327857459569 1.201314757184604
7 0.500121426470191 0.5245715308266117 0.5147858494167447 1.1899165932123021
7 0.5076479045191832 0.5255801807811966 0.5149620715460876 1.1938726007210425
7 0.5051970079254604 0.5272018982010067 0.5154619282188047 1.2038574183875148
7 0.4948065206307724 0.5275664647769001 0.5205477806772432 1.1997029065281168
7 0.5102958207105097 0.5311445677230355 0.5209238139050317 1.2008791730187836
7 0.49581234520126327 0.5325854317683452 0.5216981502462301 1.1995201501262627
7 0.507269386459445 0.5330653976013151 0.5250499916708772 1.2024782466133446
7 0.5040659773110038 0.5335425571539568 0.5270398356679554 1.2024321663324125
7 0.5047178343010191 0.5346062028238185 0.5273240727537184 1.2061756216405914
7 0.4961591379063366 0.5370798835481309 0.5307544921961822 1.1901567478084576
7 0.48960469228301423 0.5371010831673083 0.5324198224043719 1.196742193740096
7 0.5032593367415868 0.5384389557946917 0.5344586618964483 1.1965989744079855
7 0.5003679825223093 0.5399822364705331 0.5350430395103225 1.203762002266829
7 0.4960243745891011 0.5403904650137842 0.5368414236450717 1.2014952747636756
7 0.5036940029225132 0.5405745353001197 0.5396165999624941 1.1984649904190232
7 0.49836774878189966 0.5424423374107878 0.5397629492779297 1.1976801459591082
7 0.4978423739066675 0.5426803167583104 0.5400137000714204 1.1980914126027453
7 0.4971490945283664 0.5430946258302278 0.5404245606432669 1.2045095568036257
7 0.49744514226860814 0.5468864344715598 0.5410636819194765 1.2030888007278668
7 0.49228671993408907 0.5507667954550217 0.5456063367636257 1.198529414946675
7 0.494532493643825 0.5512744987925459 0.5457510427717955 1.1949198743336011
7 0.5021918600071595 0.5532269485151909 0.5484999899914519 1.1976473045863965
7 0.5037360353812992 0.5564252299083767 0.5505052243552224 1.189879967929567
7 0.49541170056117334 0.557948968687082 0.5531541363190661 1.198983019471773
7 0.5082798063605054 0.5620190759208422 0.5551497022284153 1.1995310485483763
7 0.5084216089035601 0.5651619601451754 0.5615544452858954 1.2011722481584055
7 0.49799287453882723 0.5698001436194068 0.5625336865005092 1.2000910001561997
7 0.4982524055302737 0.5713854388048154 0.5632777421158173 1.1997945123782991
7 0.4996035676201325 0.5743697837170256 0.5705977899789793 1.1950940091452609
7 0.49787674731638265 0.5753184821636229 0.5763580252025942 1.1981908470166904
7 0.5061627009520339 0.5768203342234642 0.5774285558433134 1.1963216869060658
7 0.5018648792299286 0.5776813685532183 0.5787572155268867 1.1889158393897177
7 0.49965838560730474 0.5780434342428896 0.5822179134582948 1.2052449794001219
7 0.5018812685618881 0.591620230375617 0.5857538645764933 1.1969483153385856
7 0.4990140084955028 0.600460084378292 0.6005158238431827 1.1988301932862147
7 0.5093459932962475 0.6008051399390366 0.6016682669371018 1.1928234851767134
7 0.49615854507679913 0.6018609336639186 0.6047981179195192 1.1924683042636846
7 0.4999120096251402 0.606185049483023 0.6200490759201316 1.1980140005575073
