0 5 9
1 5 9
2 5 9
3 5 9
4 5 9
5 5 9
6 5 9
7 5 9
8 5 9
9 5 9
10 5 9
11 5 9
12 5 9
13 5 9
14 5 9
15 5 9
16 5 9
17 5 9
18 5 9
19 5 9
20 5 9
21 5 9
22 5 9
23 5 9
24 5 9
25 5 9
26 5 9
27 5 9
28 5 9
29 5 9
30 5 9
31 5 9
32 5 9
33 5 9
34 5 9
35 5 9
36 5 9
37 5 9
38 5 9
39 5 9
40 5 9
41 5 9
42 5 9
43 5 9
44 5 9
45 5 9
46 5 9
47 5 9
48 5 9
49 5 9
50 5 9
51 5 9
52 5 9
53 5 9
54 5 9
55 5 9
56 5 9
57 5 9
58 5 9
59 5 9
60 5 9
61 5 9
62 5 9
63 5 9
64 5 9
65 5 9
66 5 9
67 5 9
68 5 9
69 5 9
70 5 9
71 5 9
72 5 9
73 5 9
74 5 9
75 5 9
76 5 9
77 5 9
78 5 9
79 5 9
80 5 9
81 5 9
82 5 9
83 5 9
84 5 9
85 5 9
86 5 9
87 5 9
88 5 9
89 5 9
90 5 9
91 5 9
92 5 9
93 5 9
94 5 9
95 5 9
96 5 9
97 5 9
98 5 9
99 5 9
