0.08980364775071281 0.011472344101435494
0.1320098846887331 0.09545170389799951
0.1393335958535583 0.11468995865263065
0.19108601113067847 0.13480510460470385
0.2296259849272455 0.1517301090251974
0.23366919617571452 0.1526146588556922
0.2786746062090123 0.15869960678432948
0.2815334468152987 0.1831987097810901
0.28943556936060205 0.19430379849991186
0.2903339655327505 0.19619759400994602
0.3063958395572295 0.20538095710707893
0.3088438804312578 0.21271226841719743
0.3181560026343624 0.23640400400452605
0.32194450169199584 0.23979696746367518
0.33301398417144096 0.2547796096768635
0.3403934760340508 0.26023863323917573
0.3406529953707168 0.26667432719096923
0.34455434551958875 0.2816043295679169
0.3455975309231084 0.31333690730186003
0.34781468131027987 0.32463596578311227
0.3528371034814999 0.33235583375231703
0.3530623939974722 0.334376915259159
0.3564366798948402 0.350902467482763
0.36252675163108494 0.3530509066433294
0.3626808645746552 0.3535157400346921
0.3690255388712165 0.3591600800321232
0.36985434842138354 0.3621975602356203
0.37729148106742505 0.3677727491251106
0.38062641312401946 0.3728374791952126
0.3871467806425706 0.3732929608401071
0.39269389568075347 0.3752012738201119
0.41362918958205164 0.37706472255990386
0.41402129742037763 0.3837732123559916
0.42092684159347377 0.3858307940969788
0.4209458714532 0.38803165455190736
0.4378032945034642 0.3887839501433237
0.44248136546093203 0.3964750824583267
0.4502810635819346 0.412230192596416
0.4533797411264058 0.4159636174160795
0.45775097496359024 0.43595680983057716
0.46018914642558795 0.4553657580675266
0.4614037709896135 0.4597456618551943
0.46394108277509494 0.463390785432417
0.4640714734190917 0.46340374122670563
0.48939499223253063 0.4713488793090302
0.49046013434678576 0.4805231245486922
0.4963896785636076 0.48803336703471645
0.5085251996241641 0.48872052474170347
0.5216969227539305 0.5030891718637975
0.5282465953356061 0.5071516895313332
0.5323294473207768 0.5109715796284482
0.5347493105957253 0.5138216005660537
0.5368022771296903 0.5186052911143186
0.5373401036840935 0.5249832146472455
0.5427412912968138 0.5267019903811249
0.5428767846816828 0.5316857236412225
0.5492466689783007 0.5317991703180379
0.5536883254558893 0.5445117250939738
0.5584953121450088 0.5511478173554774
0.5774477743766663 0.5583562900520188
0.5786504636319132 0.5598402764331725
0.6089600725497948 0.5676852965816988
0.6201164899316778 0.5683112128172618
0.6210115356308884 0.5754478867841073
0.6241879595537109 0.5768093691014657
0.6322000245130122 0.5807275541648115
0.6336415438325278 0.5813164192981443
0.6408290161572049 0.5828340909178691
0.6454535617312662 0.5847973531218476
0.6472292260972653 0.6041233633399983
0.6629659719432772 0.6116875337627496
0.6648709305290835 0.6227844353583389
0.675238486945055 0.6303890772472087
0.6758701779896841 0.6326758142024088
0.677612336585991 0.6332711379628158
0.6844943820401252 0.6380881137155431
0.686167423549878 0.6396566479888455
0.6889047701987564 0.6451662062994483
0.6972002275637855 0.6517880973409991
0.7102295414403615 0.654194147016759
0.7249855629288814 0.6544524823918831
0.7262595668228679 0.6610181440672964
0.7445584953766891 0.667988643989205
0.7475958746953222 0.6771286045765602
0.7476046564325733 0.6834494502453319
0.7657518006112025 0.6868189814047876
0.7657752726935774 0.6903575129892319
0.7752639031754875 0.6954477307398519
0.7963558293492029 0.711115344747136
0.7973061272301907 0.7113243313189547
0.8319172370005825 0.7193005268275466
0.8405673851630098 0.7230356956061833
0.8419441421832699 0.7287356025084256
0.8497734358582407 0.7493107591902205
0.8571995550227269 0.7531523942031715
0.8806866595732885 0.7606807633393425
0.8820592503002513 0.7710144950340728
0.8911496769603531 0.8076554954166595
0.8972944462427607 0.8126484015541737
0.9408558231770912 0.8421826085777508
