6.099839136302589
6.09984669251371
6.099848961714733
6.099854680075123
6.099868044940392
6.099869607040699
6.099874852585636
6.0998834316945825
6.099884815292725
6.099891806464281
6.099895620396322
6.099906989345596
6.099911471252446
6.099924653297364
6.099926466413935
6.0999306092884895
6.099931202783877
6.0999316325258555
6.0999344426109285
6.099936913916944
6.099941404743949
6.099943891155858
6.099948066456968
6.099950317508737
6.099955630905184
6.099957542731516
6.099959885269985
6.0999633893662795
6.0999641716361594
6.099972986957961
6.099973905017981
6.0999745776383625
6.099977278652235
6.099978086151573
6.099979749685192
6.099985357706342
6.0999854950647325
6.099988299635683
6.0999892905759
6.099989612761088
6.099991855444363
6.099994950285795
6.0999974301514985
6.1000041281321895
6.100006959055906
6.100008478263997
6.100012656727098
6.100013899360006
6.100016160726085
6.100018599104399
6.100019732853099
6.1000236663858685
6.100029994281869
6.100031867902823
6.100036783920334
6.100040103963091
6.100047392053004
6.10004968874704
6.100050604855039
6.100052508985335
6.100053280213486
6.1000534519714975
6.100065568564534
6.1000704683720794
6.100071227420001
6.100072227733424
6.1000738256042775
6.100075289786678
6.100077317700924
6.100078006956708
6.100078492931281
6.10008044007274
6.10008213787995
6.100083521240933
6.100088484107359
6.10009326200407
6.100101494122257
6.100108082489575
6.100109340069093
6.100114908996971
6.100120502749989
6.100126988826186
6.100128802076495
6.100138849940189
6.100141519141651
6.100142911778933
6.10014929373599
6.100161814415695
6.100180890225163
6.100182054186762
6.100182919646554
6.100183599143762
6.100184592786361
6.100184628259503
6.100190629045074
6.1001907731746146
6.100197962025804
6.10022023435141
6.100225431321987
6.100343314709043
