9 6.099955630905184 0.20964807572831048 0.0838592302913242 0.0419296151456621
9 6.1000041281321895 0.20972783323359667 0.08389113329343867 0.041945566646719334
9 6.100065568564534 0.20978040036554876 0.08391216014621951 0.041956080073109754
9 6.099994950285795 0.20969638116976186 0.08387855246790474 0.04193927623395237
9 6.1000738256042775 0.2096818646696523 0.08387274586786092 0.04193637293393046
9 6.100036783920334 0.20977141102379243 0.08390856440951698 0.04195428220475849
9 6.099874852585636 0.20968573176043215 0.08387429270417286 0.04193714635208643
9 6.100052508985335 0.20976080978881306 0.08390432391552523 0.041952161957762614
9 6.100128802076495 0.20965495138691512 0.08386198055476606 0.04193099027738303
9 6.100197962025804 0.20976336233688678 0.08390534493475471 0.041952672467377355
9 6.099891806464281 0.20974893780009052 0.08389957512003621 0.041949787560018104
9 6.10008044007274 0.20968059076472947 0.08387223630589179 0.04193611815294589
9 6.100047392053004 0.20975128286893557 0.08390051314757424 0.04195025657378712
9 6.099941404743949 0.20966770833204665 0.08386708333281866 0.04193354166640933
9 6.10014929373599 0.2096316910343362 0.08385267641373448 0.04192633820686724
9 6.099979749685192 0.2096818716519504 0.08387274866078016 0.04193637433039008
9 6.099989612761088 0.20973801736345854 0.08389520694538342 0.04194760347269171
9 6.099869607040699 0.20974077943513567 0.08389631177405427 0.04194815588702713
9 6.100141519141651 0.20967302192834356 0.08386920877133743 0.04193460438566871
9 6.100019732853099 0.20964918980996905 0.08385967592398762 0.04192983796199381
9 6.100183599143762 0.20978063663967159 0.08391225465586863 0.041956127327934314
9 6.100018599104399 0.2097048258940483 0.08388193035761932 0.04194096517880966
9 6.099936913916944 0.2096655429999875 0.083866217199995 0.0419331085999975
9 6.099906989345596 0.20968965283092017 0.08387586113236806 0.04193793056618403
9 6.100053280213486 0.20970913821832846 0.08388365528733138 0.04194182764366569
9 6.10008213787995 0.20974450067548522 0.0838978002701941 0.04194890013509705
9 6.100108082489575 0.20968313879960981 0.08387325551984393 0.04193662775992196
9 6.100184628259503 0.2096588542121368 0.08386354168485473 0.041931770842427364
9 6.0999641716361594 0.20963382231575997 0.08385352892630399 0.041926764463151994
9 6.0999745776383625 0.2096745923416025 0.08386983693664099 0.041934918468320495
9 6.100184592786361 0.20972684865961522 0.08389073946384609 0.041945369731923046
9 6.100013899360006 0.20965634539228184 0.08386253815691273 0.04193126907845637
9 6.099895620396322 0.20971142413002802 0.08388456965201121 0.04194228482600561
9 6.099957542731516 0.2097018148578635 0.0838807259431454 0.0419403629715727
9 6.1000534519714975 0.20978108100652737 0.08391243240261094 0.04195621620130547
9 6.099985357706342 0.20966079163692308 0.08386431665476923 0.04193215832738462
9 6.09984669251371 0.20973289887452415 0.08389315954980965 0.041946579774904826
9 6.100031867902823 0.20974406281393096 0.08389762512557239 0.041948812562786195
9 6.099948066456968 0.20970955966743418 0.08388382386697368 0.04194191193348684
9 6.0999633893662795 0.20973714221987622 0.08389485688795048 0.04194742844397524
9 6.1001907731746146 0.2095803799531757 0.08383215198127028 0.04191607599063514
9 6.100161814415695 0.20967452889959848 0.08386981155983939 0.04193490577991969
9 6.099854680075123 0.2096426679980817 0.08385706719923268 0.04192853359961634
9 6.10004968874704 0.2097123049040078 0.08388492196160312 0.04194246098080156
9 6.0998834316945825 0.2096804535318915 0.0838721814127566 0.0419360907063783
9 6.100072227733424 0.20974329771863925 0.08389731908745571 0.041948659543727854
9 6.1000236663858685 0.2097230144571136 0.08388920578284545 0.041944602891422725
9 6.100101494122257 0.2096342003494409 0.08385368013977637 0.041926840069888185
9 6.100182919646554 0.20969847842133219 0.08387939136853287 0.041939695684266434
9 6.100182054186762 0.20973173711493015 0.08389269484597206 0.04194634742298603
9 6.100126988826186 0.20970727912167358 0.08388291164866943 0.041941455824334714
9 6.1000704683720794 0.2096588139375401 0.08386352557501604 0.04193176278750802
9 6.099868044940392 0.2097199316010891 0.08388797264043564 0.04194398632021782
9 6.099943891155858 0.2097985082277544 0.08391940329110176 0.04195970164555088
9 6.10009326200407 0.20974109112504255 0.08389643645001701 0.04194821822500851
9 6.100088484107359 0.20972322674873523 0.08388929069949409 0.041944645349747046
9 6.099926466413935 0.20965496381210622 0.08386198552484249 0.041930992762421244
9 6.100109340069093 0.2097935147090516 0.08391740588362064 0.04195870294181032
9 6.099959885269985 0.20968071499732716 0.08387228599893086 0.04193614299946543
9 6.099924653297364 0.20968266507543726 0.0838730660301749 0.04193653301508745
9 6.100343314709043 0.209635883016789 0.0838543532067156 0.0419271766033578
9 6.100050604855039 0.20971530963267004 0.08388612385306801 0.041943061926534006
9 6.100120502749989 0.20972730671960077 0.08389092268784032 0.04194546134392016
9 6.0999892905759 0.20974229794293647 0.08389691917717458 0.04194845958858729
9 6.100142911778933 0.20967186527319037 0.08386874610927614 0.04193437305463807
9 6.099973905017981 0.20965881776089706 0.08386352710435883 0.04193176355217942
9 6.100008478263997 0.20968936839950397 0.08387574735980159 0.041937873679900796
9 6.0999344426109285 0.20974603669186342 0.08389841467674537 0.041949207338372686
9 6.099911471252446 0.20968277954379524 0.0838731118175181 0.04193655590875905
9 6.099950317508737 0.20972586153797546 0.08389034461519018 0.04194517230759509
9 6.099977278652235 0.20972262703443026 0.0838890508137721 0.04194452540688605
9 6.099848961714733 0.20969963184711687 0.08387985273884674 0.04193992636942337
9 6.099991855444363 0.20976756970332652 0.0839070278813306 0.0419535139406653
9 6.099972986957961 0.20972440869719475 0.0838897634788779 0.04194488173943895
9 6.100006959055906 0.2096841766837573 0.08387367067350293 0.041936835336751466
9 6.099978086151573 0.2097866138529427 0.08391464554117707 0.041957322770588536
9 6.100138849940189 0.20971309231884178 0.0838852369275367 0.04194261846376835
9 6.100190629045074 0.2097024767265068 0.08388099069060272 0.04194049534530136
9 6.100075289786678 0.20965109485850533 0.08386043794340214 0.04193021897170107
9 6.100078006956708 0.20970263951069124 0.08388105580427649 0.041940527902138244
9 6.0999854950647325 0.20971022452460528 0.0838840898098421 0.04194204490492105
9 6.100029994281869 0.20972867953031063 0.08389147181212425 0.041945735906062126
9 6.0999316325258555 0.20975345237895018 0.08390138095158008 0.04195069047579004
9 6.0999306092884895 0.20972494947731649 0.08388997979092659 0.041944989895463296
9 6.100114908996971 0.20971927205964 0.083887708823856 0.041943854411928
9 6.100225431321987 0.20974988520901847 0.08389995408360738 0.04194997704180369
9 6.099884815292725 0.20967959740914252 0.083871838963657 0.0419359194818285
9 6.100040103963091 0.2096575084893476 0.08386300339573904 0.04193150169786952
9 6.100077317700924 0.2096908897153985 0.08387635588615941 0.041938177943079705
9 6.099839136302589 0.20971542684674196 0.0838861707386968 0.0419430853693484
9 6.100083521240933 0.2097325702228474 0.08389302808913895 0.04194651404456948
9 6.099988299635683 0.20978854902264513 0.08391541960905806 0.04195770980452903
9 6.099931202783877 0.20975660833386472 0.08390264333354588 0.04195132166677294
9 6.100071227420001 0.20975734964413573 0.08390293985765429 0.041951469928827145
9 6.100012656727098 0.20975186633591797 0.08390074653436719 0.041950373267183594
9 6.0999974301514985 0.20966907486580028 0.08386762994632012 0.04193381497316006
9 6.10022023435141 0.2097291713921828 0.08389166855687313 0.04194583427843657
9 6.100078492931281 0.2097597710380643 0.08390390841522573 0.041951954207612864
9 6.100180890225163 0.20970269507398753 0.08388107802959502 0.04194053901479751
9 6.100016160726085 0.20972533313820618 0.08389013325528247 0.041945066627641234
