0 7 0.5719167944666012 0.5365672466278607 0.5334711276414803 3.4932980239391327 1.1630591879311045
1 6 0.4829432342014964 0.5414586392403952 0.5382301089656312 3.3082461059093475 1.3004995504675596
2 6 0.5662424125451393 0.5273413840607608 0.5215821098516447 3.3919189870357513 1.1868628469086
3 6 0.5248729880787947 0.5285406921050665 0.5241300945089505 3.443066358566284 1.2206908523792368
4 6 0.4788326614354806 0.4609465991456249 0.4535977245417228 3.379227966070175 1.242796903324372
5 6 0.5643956553636276 0.48781908362000015 0.48784425174130086 3.352125197649002 1.208095698836519
6 6 0.5138967061660886 0.4613326370262401 0.4541108366639482 3.4066684246063232 1.2833712995556004
7 8 0.5811963117749328 0.4988742921759055 0.4983617778320227 3.980170965194702 1.1514634452686507
8 8 0.4656511562133511 0.5013201077806387 0.49932322480378705 4.0324020981788635 1.2249752641205724
9 7 0.5770599459130636 0.5115595401284493 0.5058001019999118 3.6896337270736694 1.187725854893632
10 6 0.46694948093768707 0.5444292658600755 0.5392820493135673 3.300149083137512 1.16179234250945
11 6 0.5948560142612216 0.4327875508044504 0.4156745317482117 3.164041519165039 1.1957902302130905
12 8 0.45413380217911403 0.527398541831945 0.5216696076007813 3.900791198015213 1.3030630420017066
13 8 0.5733751292356964 0.44998085771190655 0.4408493505362742 3.843479335308075 1.1484447249304663
14 9 0.531966170414684 0.47141681900932786 0.46599887976503096 4.442157953977585 1.0941904394480813
15 8 0.5032514450764091 0.4583078982337353 0.4526544016971254 4.01228740811348 1.203328905965731
16 5 0.5605725360568494 0.49131349473973057 0.4897490497756207 2.9389423429965973 1.1466611356088723
17 6 0.5548547371602208 0.49018566423674376 0.4892715356417772 3.278300315141678 1.2383096167419627
18 6 0.4746614620679019 0.5494726563928677 0.545155424383578 3.2477933168411255 1.1986483305163664
19 6 0.42356011597675985 0.37528278188355013 0.3687645701471154 3.323717087507248 1.1797453080914349
20 6 0.4929551182497296 0.5526095276670848 0.552616232622928 3.138883113861084 1.2151475799899625
21 6 0.36135550794649407 0.48063315880621066 0.4819517635117246 3.270715117454529 1.2674943225190682
22 7 0.5223167233338722 0.45823062743209514 0.45027759289366204 2.9902713298797607 1.212903310229623
23 5 0.5675609264905743 0.5659920598041636 0.56397113055613 2.4267835915088654 1.3028270657966043
24 7 0.40673981263454767 0.5432094244784083 0.5388043705189999 3.0366281867027283 1.2480552482701277
25 5 0.448139679320114 0.5354203395863452 0.531627637788096 2.317569375038147 1.2299448998567248
26 6 0.5472140336427681 0.556054615765293 0.5571031755637237 2.6362920701503754 1.1918826925910992
27 5 0.4198140667632793 0.5979444739942605 0.5850436148871927 2.5222165882587433 1.1411233716718012
28 5 0.4960535980347212 0.5670081851770986 0.5667348913775714 2.1224341094493866 1.195178262065058
29 5 0.5747202726073478 0.552468305383 0.5504310930090077 2.2643656730651855 1.2036651294094936
30 6 0.4870296975704901 0.5165559980914824 0.5105130459385019 2.5075602531433105 1.223212504958981
31 5 0.472234331451422 0.3788847989508708 0.3764143928476925 2.0795796513557434 1.169387318039699
32 7 0.5746603028708075 0.44554458781127415 0.4307278769316803 2.750296711921692 1.096704297139352
33 5 0.5156581054668682 0.5504269820466596 0.5486556737291579 2.1093828976154327 1.197642558122207
34 7 0.538961207125118 0.4623417019283402 0.45568485173074225 3.0511872470378876 1.2728909394706103
35 8 0.5119338094747327 0.4647710757147004 0.4590834098639429 3.2534892559051514 1.2220874643439428
36 7 0.5683133831818254 0.44592707883384974 0.43083044823729144 2.7186109721660614 1.2494779914389798
37 8 0.4381513773768399 0.5677640419463197 0.5684296889208937 3.1620683073997498 1.1184943106465666
38 5 0.395664195871543 0.4758720812635706 0.4767045902215736 2.1845795810222626 1.2269974423500913
39 6 0.45214739027457657 0.5479204133705176 0.541583358490066 2.485042303800583 1.2019767063458575
40 6 0.511868645245408 0.5050993082334873 0.5019433665788774 2.562372922897339 1.2107922587775173
41 6 0.48947124127737685 0.4271712090567812 0.4134171435696918 2.897614985704422 1.1179690528091406
42 8 0.47068888352512495 0.5547779637012733 0.5533100327176442 3.2060531973838806 1.16812232648581
43 7 0.5918515277889 0.5130358987888984 0.5061510638829573 3.163231134414673 1.1452491214655716
44 7 0.48867956802145884 0.5284533508601186 0.5238782585438393 3.0598748922348022 1.1438953613337748
45 7 0.5083826295620282 0.48469465524769023 0.48730538392064016 3.314876616001129 1.1631330383872904
46 7 0.5196620311186995 0.4514228389322981 0.44429690740725664 3.2940942347049713 1.2060153506748363
47 7 0.5591563414276236 0.5477173026623784 0.5413608716018086 3.0507797598838806 1.238943804425714
48 6 0.4815795868657167 0.43684885054178857 0.4194887568422179 2.7639584839344025 1.2212472173863598
49 6 0.5064834936112518 0.526538033847374 0.5173350366416704 2.601606398820877 1.2142015812622453
50 7 0.5279752667034247 0.5504207021320543 0.5454304822646516 2.9710775017738342 1.1915195508418204
51 6 0.4430259913103707 0.5050470093077137 0.5011396096994281 2.513836294412613 1.215259961511582
52 4 0.38760026447842955 0.497794149048627 0.4981434455548599 2.0120429396629333 1.2341124367821568
53 6 0.42170373420461704 0.4659559853073993 0.459676724829689 2.4827287793159485 1.2142352082465229
54 8 0.4848319846136641 0.5158346530865006 0.5101556802158914 3.0008901953697205 1.1246718391580155
55 9 0.5651830669853708 0.47982709713817573 0.48115260470149657 3.2040462493896484 1.276526188673301
56 8 0.6114735071889538 0.46247403047040614 0.45580576575544285 3.0709613263607025 1.165587074677158
57 7 0.5154365581126449 0.38935145067073323 0.37921253297785606 2.490944743156433 1.164452444524389
58 5 0.5179798884207313 0.5231855892500024 0.5158041724825935 1.898993968963623 1.1713879375360963
59 8 0.4454043355903327 0.5583982844313158 0.5607923818428492 2.464755952358246 1.193234836341501
60 5 0.5530273752867427 0.45927972499505376 0.4527561951926107 1.5716091990470886 1.1884669529548313
61 6 0.4909313109630847 0.4978248016851361 0.4981657326764459 1.8616655766963959 1.1716947414528576
62 5 0.46757443657862124 0.4410056515266396 0.4213820081889061 1.6539838016033173 1.2229488985840407
63 4 0.4329068507486404 0.5571003817820374 0.5599297675644059 1.5589817464351654 1.1842250783493524
64 3 0.44742344511182064 0.4994971222488858 0.49844693034077076 1.0803939402103424 1.23646281914776
65 6 0.5374971765920952 0.5672389241330378 0.5671833619698764 2.173762947320938 1.147422088734195
66 6 0.5484407320425512 0.513053308582948 0.5061723184268238 2.1255525946617126 1.1975699216941174
67 7 0.4973281112821492 0.5058737065325541 0.5031531574619382 2.4094537794589996 1.2583435733502075
68 6 0.5387660864831657 0.5099578995030443 0.5053831565510201 1.9408967792987823 1.1102445207721325
69 7 0.5347466490453514 0.4569702819492398 0.4477999285784552 2.366511970758438 1.250150622621803
70 9 0.530933880303924 0.6204770679568219 0.6247931199179677 3.164809912443161 1.2071218099675738
71 9 0.5018224858711658 0.546502330392073 0.5407590945932237 3.1356141269207 1.2234703636955029
72 9 0.518814886678413 0.5213689532973473 0.514009176478983 3.320385992527008 1.2522555481553515
73 7 0.452802523111686 0.4744789108163533 0.4735215547346578 2.547851264476776 1.207003553002904
74 7 0.44190294912519507 0.5442498179292057 0.5390552791144558 2.385466605424881 1.1562483444393552
75 8 0.45921626748992705 0.4959165411501252 0.4953460885960968 2.887480229139328 1.255223482308422
76 7 0.5375502036032063 0.5645357493671888 0.5630011988551272 2.666760116815567 1.2523120552025107
77 9 0.508988839071039 0.5414758477137688 0.5385792109622352 3.5406464338302612 1.2453692209180491
78 10 0.5549059761492979 0.5447489162172932 0.5393280400991927 3.857199549674988 1.2248115542862599
79 10 0.5423211996078974 0.5325224944205562 0.5287404890197374 3.751383274793625 1.1572471105333149
80 10 0.4032663795655994 0.45135409332732396 0.44220706500046614 3.5738336741924286 1.2235048215878093
81 10 0.4299901542183917 0.6191309702157046 0.6113578006810586 3.544328063726425 1.2397780011917097
82 8 0.5901598552196757 0.6158029389795945 0.609760549075248 3.0459969341754913 1.1725163380423278
83 8 0.5390865963526956 0.3438532975292418 0.35563828203564196 3.194450467824936 1.1652299021635886
84 8 0.520047414011914 0.5137675137396904 0.5072405845792842 3.2609190344810486 1.1591002629556402
85 8 0.46608849839363575 0.4977659767764581 0.49767349070140116 3.4461670517921448 1.215709907642967
86 6 0.5479210390990219 0.48589399976732256 0.48751402629302565 2.7280799746513367 1.096376892800486
87 7 0.5642430496663711 0.4797274496230073 0.4803059134749785 3.2765646874904633 1.2127549348553617
88 7 0.5217056518847591 0.44954041801727485 0.43849651863269296 3.0726771354675293 1.1598268659248545
89 7 0.4509561743694007 0.43455160912332247 0.4187838090909691 2.670606017112732 1.2184155429269745
90 7 0.4817811171489777 0.5029975631344062 0.5006352669933877 2.5669243931770325 1.2503609850522723
91 8 0.4370931082570734 0.47295659577359284 0.47001019733319493 3.090567499399185 1.1582051983436865
92 8 0.5164858349597962 0.46828771613147446 0.4644717989535717 3.3849713504314423 1.2139149574183596
93 8 0.4586948176560023 0.552491757157792 0.5524500878014079 3.0233482718467712 1.2059190503575097
94 9 0.45196579123616676 0.6061049847079806 0.5949336289933711 3.1552112102508545 1.275338190026358
95 8 0.5890802325725739 0.5216209407431128 0.5147321810089488 2.870156943798065 1.244651566162904
96 10 0.5280165315250569 0.5222696125757221 0.5157812266615561 3.4435377717018127 1.228722815227361
97 7 0.4977794738030529 0.5403395134439667 0.5371079636530675 2.6554998755455017 1.2198096993440644
98 8 0.4590109166925429 0.4365690516398616 0.4189770085145754 3.3988783061504364 1.1627143201011068
99 8 0.42009809463146336 0.5590133095784844 0.5613600812966326 2.9651118218898773 1.1512817339011265
100 7 0.5284615543914679 0.4467656212705228 0.4353121805536979 2.6716268360614777 1.140660276657897
101 5 0.5017810911769577 0.4578186919205243 0.44905643741355733 1.8915150463581085 1.1741941669351683
102 7 0.4682653478163835 0.47782267428338315 0.47811310471229573 2.6046090126037598 1.2569601690830083
103 6 0.5094393575841576 0.5521477296822497 0.550150262200176 2.268286108970642 1.2214590599872632
104 5 0.44149417309222394 0.4437653944976511 0.4294102171878593 1.9005542695522308 1.2100178169850175
105 6 0.4511814003658631 0.44648071990021876 0.4347229771903509 2.3046952188014984 1.1805837949213196
106 8 0.4864775098719203 0.5249000772157415 0.5161115386466939 2.894127368927002 1.2180583257292177
107 7 0.5020028387674457 0.39439182144174556 0.38876410113587684 2.7696131765842438 1.1912236208174654
108 8 0.47002546275527235 0.49442121413950624 0.49394030567663283 2.8924260437488556 1.145625023664523
109 8 0.4982966186782663 0.47334933925749906 0.4727429674013181 3.019980549812317 1.1541671679984171
110 8 0.5235912347536034 0.5255333760114224 0.5164271683209468 2.8682247698307037 1.1623728230381003
111 10 0.3906715502196586 0.474389930571286 0.4734201163163398 3.5860047042369843 1.2807024968554095
112 10 0.47025540827890067 0.5015504190883961 0.49973967698472843 3.6678109169006348 1.258446405358066
113 9 0.4818788041047422 0.45122210645896255 0.4416576777566844 3.2973590791225433 1.167838533816203
114 7 0.518518011344885 0.5714137198118318 0.5768675829543786 2.4472420811653137 1.218656450136597
115 6 0.4851768484721531 0.44635093452789487 0.432987864977939 2.2650408148765564 1.2048248400075154
116 7 0.4780747824450001 0.4932152622414775 0.4921623537995211 2.528522551059723 1.2661703758287266
117 6 0.5410215146000156 0.5518359657748627 0.5500134340526541 2.4740468561649323 1.1652598651080508
118 6 0.5100676082129518 0.49487167909521135 0.4943801036698213 2.6011031568050385 1.161451966313433
119 7 0.4898014588836709 0.37812502626482686 0.3699060314121896 2.7883245050907135 1.1637487580000323
120 6 0.4713703920223463 0.5275426602585432 0.5222600928201977 2.4999459087848663 1.1766981886543861
121 5 0.5442420227278806 0.526606030765647 0.5176780212487598 2.277042120695114 1.1824764548678397
122 5 0.5305458290487131 0.5266606000862406 0.5185336596609522 2.012741446495056 1.262930684154628
123 5 0.5765953826192131 0.5949336976546923 0.5827551355515258 1.9815157055854797 1.1990898329541095
124 5 0.5013516682978684 0.5065783693027986 0.5036581997384193 1.8788920938968658 1.130299709284537
125 5 0.4867700038437506 0.5199905614930971 0.5126057020676619 1.7448334991931915 1.1972886719440403
126 4 0.5610995494097489 0.5296870432563193 0.5260719640039159 1.5795952677726746 1.2268527468323065
127 4 0.5310015373684571 0.4732400241745508 0.4707233771821222 1.5305940806865692 1.1693163647293694
128 6 0.524290758454469 0.44520677907711637 0.4297509171721643 2.1501563787460327 1.213909604390953
129 4 0.5180419112327903 0.5466906790307754 0.5412225290667105 1.5074474215507507 1.1221389562257966
130 6 0.47584842063748234 0.5310142971810927 0.5267220354695453 2.278403252363205 1.2324984239616301
131 6 0.5548881431656792 0.5017793178770545 0.4998348276709359 2.2593429684638977 1.144642879344683
132 5 0.546560737676427 0.5278629393597907 0.523245768416486 1.9643533527851105 1.1516873213115757
133 5 0.5419082375134551 0.48048806138759736 0.4816099285982332 1.8403279781341553 1.294234609800556
134 5 0.4855799289894971 0.5334537409092692 0.5298100369904453 2.3882519006729126 1.2403536614008026
135 5 0.42704259358634544 0.5727689514263261 0.5785261951223764 2.0757556557655334 1.2495961383132512
136 4 0.5557002147620611 0.5257384850175569 0.5164907938331416 1.5493927299976349 1.2561728718539398
137 3 0.4647136280044851 0.541017771869433 0.5381188157810463 1.2082190215587616 1.236136940044553
138 3 0.3819520708772578 0.48450519183622665 0.4870688844893391 1.2151828110218048 1.164548398176212
139 5 0.5270960012286806 0.46949486237765153 0.46585619043355925 1.9271950125694275 1.241523201536913
140 3 0.5097628926114782 0.47841542734140247 0.47879460890405856 1.3063945472240448 1.2591286450276358
141 3 0.522248103241453 0.49494415403406317 0.49474072022401727 1.3089953362941742 1.198982765881497
142 4 0.5069395454768576 0.5626706754836746 0.5627542313795214 1.5724422335624695 1.1748214069190384
143 5 0.48111457362371113 0.5571551316456246 0.5607894341926176 1.7887982428073883 1.1771131022401633
144 5 0.5055665384398325 0.41763016644968454 0.406176469967174 1.8094816207885742 1.2577731153052765
145 5 0.5285386683013985 0.5323785447410412 0.5287379478306512 1.9020837545394897 1.2008529491640019
146 5 0.46903869791242836 0.5293323876556679 0.5248557021127552 1.8503300249576569 1.1471405834075203
147 4 0.5017126907258728 0.5355612874952036 0.5318485732298127 1.8464297950267792 1.2489914585280888
148 3 0.5479120081797885 0.4490013438584457 0.43817927091001174 1.2375106513500214 1.2666697348407376
149 3 0.5745595765727157 0.5442802991562833 0.5392750172380533 1.2564955055713654 1.2263598845964572
150 3 0.4718705894320767 0.4065514176858695 0.3994471548491717 1.2883985936641693 1.213087477580394
151 3 0.44227597879837055 0.47768243201074 0.4776924632513845 1.3129662871360779 1.3357682510781648
152 3 0.47532440874520177 0.4062023632656262 0.39186645396109754 1.076012134552002 1.183446809660814
153 3 0.4552640427907952 0.36618314640934635 0.36346459296214517 1.1898500621318817 1.2489447942022391
154 3 0.5199659570472077 0.5505754469668849 0.5495717342416125 1.088531345129013 1.1770283509040111
155 3 0.49658581387221784 0.5287797837804996 0.5246528991463255 1.325596421957016 1.118322220877189
156 3 0.4991136098318017 0.4751577433292158 0.4738646661131806 1.1418545544147491 1.274016923962401
157 4 0.5415817803015592 0.5042249443469592 0.5010610892019558 1.4639605283737183 1.1928542574764478
158 4 0.4308200054307589 0.46695895529195525 0.4634941605167208 1.4649408757686615 1.1403067850144846
159 4 0.5167517467076826 0.5676445446684586 0.5681575481432783 1.323274403810501 1.1954333945854982
160 3 0.4643099407501453 0.5099231985660043 0.5047130607508169 1.2276771366596222 1.2408878077414676
161 3 0.49316983994206315 0.4941371795438459 0.4924246660187687 0.8869861662387848 1.2255823829428434
162 2 0.5810793564353142 0.5201580007824187 0.513606668953486 0.8268541693687439 1.223758699276347
163 2 0.4461454164779149 0.5055095872182337 0.5028848831706577 0.6792589724063873 1.1759377924956176
164 3 0.47047920225747863 0.6081785568877685 0.6005571924812568 1.0096386969089508 1.1317764311522995
165 4 0.37723104272968033 0.5334997849755102 0.5299876707883147 1.2832835614681244 1.1208575037383601
166 3 0.6309290224976258 0.5905951929432731 0.580663432962926 1.0985791981220245 1.1621437567334003
167 3 0.5629531951010969 0.3918391409135866 0.38853440275697126 0.8255855143070221 1.1314734437709872
168 3 0.5746336196001516 0.5185181308185411 0.5108421072855123 0.9912817776203156 1.247209255311421
169 4 0.5088827769376719 0.5046874271824167 0.5011145113332426 1.19997438788414 1.227877604608944
170 4 0.5051388628933943 0.4922258591167115 0.4907692254095739 1.4339590668678284 1.1551465501206986
171 4 0.6293591048264638 0.53518981980279 0.5305682250098342 1.3415937423706055 1.2716209771487506
172 4 0.505942656841079 0.4579804966256247 0.44930484065753756 1.354052722454071 1.2035144725474527
173 6 0.3757235316880826 0.5387620452457467 0.5362376908079081 1.7742233872413635 1.092921105197099
174 4 0.45440528709040384 0.42935384105886903 0.41565391186698164 1.2168922424316406 1.2093544696892804
175 5 0.5031127767178868 0.5068395700706216 0.5037174873102982 1.5274010002613068 1.2007089214687634
176 3 0.47261739799772085 0.4640302646606507 0.4574361193093468 1.039679080247879 1.1956174089120362
177 5 0.42744671560301756 0.4582774634016352 0.4520926839379756 1.6556161940097809 1.1568100058797972
178 5 0.5097211416221299 0.5563161997016369 0.5584639309462229 1.615616261959076 1.1752020227114226
179 3 0.5237091152615266 0.4752275774404794 0.47525388969904175 1.155735045671463 1.1978739928570767
180 4 0.45983347696905175 0.49554379276168375 0.49483982605879845 1.5141755640506744 1.1768856463349908
181 4 0.4829647212659958 0.5996198137144442 0.5857855339957654 1.659476488828659 1.2465033724789816
182 5 0.5312173653064433 0.5494147077250346 0.545126245164234 1.9611211121082306 1.2253273867716186
183 3 0.47772259188776184 0.5242031261042863 0.5159407235896298 1.31679168343544 1.2304609285498163
184 4 0.5068618727746946 0.503881586188887 0.5009660863916582 1.6319460570812225 1.175993756770337
185 6 0.4977023053036161 0.4665888050952701 0.4626724902021019 2.125937342643738 1.241362771033161
186 6 0.5838746815885272 0.41673251637175324 0.40289434792998424 1.815799206495285 1.2513542364342025
187 4 0.5707875649091874 0.494354609344075 0.49366073508665903 1.2053519189357758 1.1731933110562862
188 3 0.48988473205793515 0.4608014739084618 0.45299257024873796 0.8579545319080353 1.1654957476210484
189 2 0.46495567090513457 0.5154928285749804 0.5089863013637126 0.7439024746417999 1.188913928339815
190 3 0.5472642562533663 0.4931561024753447 0.49154343204304657 0.8739522099494934 1.2247966993260144
191 2 0.5136286366502397 0.5144662624586561 0.5081828288435983 0.5796453058719635 1.1741932891514795
192 4 0.5397387889985966 0.49773915156382603 0.4970181039341963 1.1278204917907715 1.236374927446276
193 2 0.5343802920927634 0.4663911265274687 0.4621291488104743 0.6743904650211334 1.2797442658962157
194 3 0.4906496505373501 0.5079398923208578 0.5041132028058223 0.9609268009662628 1.317330368803662
195 3 0.4789360465861204 0.4488570262375963 0.43816985146928167 0.8323599994182587 1.2302136075428842
196 2 0.5244976927892773 0.4924995769922908 0.4910467367080398 0.7556090354919434 1.3141127379334916
197 2 0.44562461969473127 0.5318856116923285 0.528300832738576 0.791441798210144 1.2243224376680875
198 2 0.4716704834969903 0.5676296702220764 0.567962479270487 0.5986744165420532 1.153094024050314
199 1 0.48913206765680606 0.49617659982793455 0.49633687552825684 0.5024230480194092 1.1680835733901602
200 2 0.4941444352758897 0.4684174202198131 0.46502560934532433 0.8171973824501038 1.1364775001057366
201 1 0.4715407617883412 0.4058460753070981 0.3901531027337506 0.3077545762062073 1.2279380729700882
202 1 0.4519099844388716 0.4329686534444299 0.41725476840147907 0.5218494534492493 1.2690930203784243
203 1 0.45034991310989386 0.47661932159662873 0.4771883328249821 0.3663835823535919 1.2232030604826072
204 1 0.4770466392014469 0.5182955804304993 0.5107835183811881 0.31480172276496887 1.2298988115595186
205 0 0.487940842060344 0.49317392493748474 0.49213940227742287 0.0 1.261333294500944
206 2 0.5280932250489789 0.489252827589215 0.48805986460184114 0.7679913341999054 1.2116250989570119
207 2 0.555654844860459 0.5359141145213371 0.5328680617459475 0.6948546469211578 1.2587161536240687
208 1 0.5365586895790624 0.5408916718042165 0.5374261941200383 0.34372925758361816 1.1786335724699648
209 1 0.5980185105450524 0.5512900908452882 0.5495793964110749 0.3907773792743683 1.2132077329143416
210 1 0.4446866042457309 0.48136671361897265 0.48220345323997743 0.5426028966903687 1.1526917365837634
211 2 0.49804510063043617 0.4063607281179711 0.39711946206925497 0.7380575835704803 1.158942891753733
212 1 0.4259139158423033 0.49380684604037883 0.4922835420318798 0.4216204881668091 1.2445934271766088
213 1 0.48620427374134134 0.5070388787349157 0.5038294136722656 0.4216204881668091 1.165284406834119
214 1 0.5294081104112929 0.5187365967561269 0.511479231393728 0.281431645154953 1.2300720724040388
215 1 0.5188819177308106 0.5274287668236078 0.5220377338308579 0.39007601141929626 1.170965386483931
216 2 0.5739642588316297 0.49356280497099725 0.49224017614584176 0.6934733092784882 1.2381506469443295
217 2 0.4707724447593089 0.4576601883606753 0.44898080267672225 0.697998583316803 1.2032470213414097
218 2 0.5189176899787195 0.4743751385171095 0.47277507811648795 0.8734517693519592 1.188857093817833
219 2 0.4601439547083665 0.47274739977947966 0.4693522165689015 0.6707405745983124 1.2328655234459343
220 1 0.4053310613284581 0.5162540671465989 0.5103159929602576 0.394197553396225 1.1576937944181775
221 1 0.46032552544805383 0.4925412140399388 0.4914417805565518 0.45831960439682007 1.1345830834565902
222 2 0.36513835850943577 0.48398685928257973 0.48612243134579847 0.8592639267444611 1.203445163642012
223 4 0.474805026640399 0.5551786760488534 0.5534767602832543 1.560252159833908 1.2426739329227063
224 3 0.6148871950269431 0.5674888228251045 0.5677452279804177 1.464937537908554 1.1982829779122106
225 2 0.5380365389558186 0.5370288486182176 0.5346990823323248 1.0564198791980743 1.0613040294657146
226 3 0.595864998665045 0.537072611170489 0.5352461439783943 1.3760142028331757 1.1775049655823306
227 4 0.5258940483689892 0.5427038421789883 0.5387001897918722 1.709631621837616 1.1915046154927729
228 4 0.5216861656290506 0.5564992526072465 0.5587326298483968 1.6627573072910309 1.2356601040790738
229 4 0.4666539145656089 0.5050884695031628 0.5015720872127251 1.725698173046112 1.283608680878551
230 4 0.5709395241076077 0.47317640201580063 0.4705356179171354 1.8417865633964539 1.2242213455427404
231 4 0.5059341729326287 0.5177300521008698 0.5107687634161028 1.8304073512554169 1.1848870127330895
232 4 0.4003261870617493 0.5171530233211532 0.5106458183536879 1.5870332419872284 1.198600696893875
233 3 0.46734627253263095 0.5278066729071866 0.5223053074607041 1.513619065284729 1.308784648652553
234 5 0.4768080754964431 0.5348269172259641 0.5304375698300284 2.3485317826271057 1.2090619929286535
235 5 0.5120927716763255 0.4412954404031715 0.4279338734077859 2.2162657976150513 1.2027034245528208
236 3 0.4836248788225329 0.4672780327511011 0.46403134318827394 1.631073772907257 1.1647338224612973
237 3 0.4707870962221408 0.5610256036322664 0.5619594908864031 1.7082510590553284 1.228991970930091
238 5 0.5077030401371277 0.45753479098836436 0.448401234046226 2.033705085515976 1.2383316209929693
239 5 0.37692100935656453 0.41428017366568193 0.40003982336720545 2.1181539595127106 1.1223067723225721
240 4 0.5657721801965407 0.4825794102622732 0.4852940186503088 1.7394541203975677 1.1844505743450766
241 6 0.4784286118292365 0.5029870720960086 0.49991965450270653 2.3234329521656036 1.254779690345929
242 4 0.48579636889525213 0.6065128663138782 0.5972999900426846 2.1141080260276794 1.1989662529893585
243 5 0.4785928535686157 0.5661781927575693 0.565736483495366 2.2779142558574677 1.2701769118383912
244 6 0.4437795709848985 0.4902576440106755 0.4895194224129818 2.800880640745163 1.2576151967894358
245 5 0.40338191578277044 0.4872614169932297 0.48764797395875475 2.795132339000702 1.3399101405523743
246 5 0.5048533538167687 0.4895487149006261 0.48879549620872603 2.867065519094467 1.1260266739125646
247 4 0.485109527881746 0.5371190585534731 0.5354876800997177 2.4142896831035614 1.255095743638769
248 5 0.5145898343615403 0.5187837234882614 0.5122731694437984 2.308717906475067 1.1240804985362076
249 5 0.5351530046805415 0.4812918640417397 0.48206432743399813 2.436605453491211 1.1760647013219718
250 4 0.488538388023218 0.45643739706450054 0.4476411643544702 1.8912629783153534 1.1502034384225654
251 4 0.4266119641192061 0.5312305413365529 0.5271807290305355 1.925635039806366 1.1535841844691797
252 4 0.5429434245384839 0.5275415109217474 0.5221426244971591 2.520964562892914 1.1727518141383397
253 4 0.500208836349589 0.4791060460618744 0.47993022094671145 2.2420932948589325 1.188036993924281
254 5 0.5240460091497402 0.4487999753683705 0.43585661722021046 2.553097903728485 1.2210501672995202
255 4 0.5227212446523901 0.48353399530668145 0.48531221464861846 2.2140004336833954 1.1970757486815935
256 6 0.45549839150021476 0.41969246229940926 0.4114012191117521 2.5639990270137787 1.1273446357820454
257 6 0.49095452405707596 0.5364623486989792 0.5332417096938944 2.737224578857422 1.0974585409341757
258 6 0.4342222793326189 0.5092005852229875 0.5045219010605544 2.9509888887405396 1.1460117642239152
259 6 0.4184317926887213 0.5493518352514422 0.5424575940594885 2.881973147392273 1.1964937990586146
260 5 0.5503165389789976 0.5270225772742355 0.5200479821210837 2.8005740344524384 1.1529920988213158
261 4 0.5525709716351123 0.4946212382905345 0.494012623789639 2.4007829427719116 1.2030561336719499
262 4 0.5518730951098256 0.5141172329711281 0.5073457617370042 2.3975533545017242 1.274915316729705
263 3 0.4368896627397749 0.5077181164825222 0.5040309362028075 2.1700244545936584 1.181956810109567
264 4 0.5155094140360728 0.46306871284003814 0.4564808185351829 2.3710995614528656 1.2305272475017817
265 4 0.5418781014889106 0.5492360830457892 0.5423121495567019 2.237216591835022 1.2553683615585167
266 5 0.6064537589539445 0.5013911885329311 0.4993905006179032 2.7509594559669495 1.1842551935851104
267 5 0.417455491815481 0.4651793776300664 0.45965794435255714 2.5245854556560516 1.1693904927868384
268 5 0.573047529208919 0.43832630832334946 0.42039065581376156 2.5330529510974884 1.2259604873198782
269 7 0.5041881917956165 0.5398009475290464 0.5369313050155448 3.447008579969406 1.1744749229690004
270 7 0.4829890193233113 0.4671008382106225 0.4639472105842133 3.826796382665634 1.222075480285622
271 5 0.47946813983808384 0.5534233229512393 0.5526646074246564 3.043605327606201 1.245163170687832
272 5 0.4919925300746457 0.4280843748580796 0.4149188674016282 3.065838038921356 1.2367854180668596
273 6 0.5716386412443137 0.4581071054199331 0.4496509635226616 3.198899894952774 1.171132978689512
274 7 0.5311557449188884 0.49873250427289617 0.498340211477434 3.614548921585083 1.1913669126123363
275 8 0.5626902579685502 0.5654575484500038 0.5631156148076881 3.4756705164909363 1.1481839091655888
276 6 0.4910590821610612 0.5588334823270218 0.5609601118788303 2.9295782446861267 1.1116019092019747
277 7 0.4775299637656117 0.5261974772623134 0.5167530707982932 3.4207584857940674 1.226474409912748
278 6 0.45458220563084534 0.45368779980577956 0.4474199821485054 3.2231900691986084 1.250195821802875
279 7 0.4928867949511818 0.4921202482667668 0.49029293846125455 3.551886647939682 1.1768861036544949
280 10 0.5248387636226819 0.6294387965536746 0.6329818030268488 4.486868530511856 1.284045170669402
281 8 0.54479652421853 0.5173658117663744 0.5107685855639785 2.9922805428504944 1.23247949477331
282 7 0.4423039826831996 0.5011137958281372 0.4986981984546526 3.235042542219162 1.2292759059009677
283 7 0.49503778514354285 0.5333069395420327 0.5297327418299648 2.9081594944000244 1.1747030943821266
284 8 0.5841175026136645 0.4942210525243835 0.4929007627492352 3.2394842505455017 1.1874180147372235
285 6 0.5045091171128215 0.5062605356684989 0.503590915488755 2.4140785932540894 1.1560351397731274
286 3 0.560417425301407 0.5271855187223287 0.5213504643077536 1.223269522190094 1.2150640473911052
287 6 0.5223782880018006 0.5485799200838287 0.5416468565178687 2.4191559851169586 1.2093361822713686
288 6 0.47860807303364616 0.5127134834549077 0.5059487912475289 2.8098868131637573 1.1875250353851319
289 7 0.4667883661213879 0.5689292464631163 0.5725538984114087 2.985179752111435 1.1657164724070592
290 9 0.4550702895430361 0.6397909443145537 0.6357257851799782 3.8951090574264526 1.2407664273328802
291 6 0.4975151117419331 0.5693379474678758 0.5744543908247548 2.7730921804904938 1.2074550127604884
292 7 0.49981058402153733 0.4841143869441681 0.4862177260260543 3.067434161901474 1.2076052412056422
293 8 0.5144543818554176 0.47319970395196603 0.4707173398631435 3.114626556634903 1.1267541048938865
294 8 0.416267493352217 0.5220834870568035 0.5157686665115283 3.013326197862625 1.2267007122227704
295 5 0.42624791367261816 0.44372631702131504 0.42880992176166294 2.448643058538437 1.0489758848266317
296 8 0.5387119221605294 0.5306652958594046 0.5265050822727533 3.126477837562561 1.2183471741382896
297 8 0.47885650651236233 0.5259906001707583 0.5165884943122664 3.4462708234786987 1.1746658201193014
298 8 0.5183616794283307 0.4291497014312466 0.41557279182131024 3.6859005987644196 1.1939184717115383
299 8 0.4105481822906477 0.5267879362155581 0.5188926918586887 3.417044997215271 1.2307740126563727
