5.9493300548125605
5.968212077472753
5.97097915424633
5.982084111003503
5.989197688720741
5.994709800984578
5.995332296489445
5.998876102190619
6.001179450549675
6.006535440324176
6.010086787097845
6.011346709577589
6.017395004082444
6.022740906640862
6.023726668989363
6.0254945290765
6.027540020381965
6.027725699248955
6.02892818739042
6.029150465478999
6.030121354045622
6.030743320841147
6.030784405868466
6.031911787113097
6.032143678701587
6.034528502059405
6.034758151704205
6.035708295193669
6.036232582728481
6.036250956017463
6.036594746978253
6.038313385417867
6.038319883098011
6.03894631175883
6.039422957861704
6.040340913827358
6.0403992539013025
6.040627265308067
6.040850294329697
6.041482694057826
6.041730749636748
6.041769129309371
6.043949738433672
6.0446018143006865
6.045836455512362
6.046756284554398
6.047175869575595
6.047254584765732
6.048016293915272
6.048943323685919
6.050617287548552
6.050961362466347
6.051602402361597
6.0518015689841365
6.052801996816885
6.053521819453991
6.053640208385124
6.053736520850129
6.053975501681361
6.054601517632047
6.055035356233245
6.055870307633523
6.057187567130017
6.05801172808292
6.058163790258213
6.058394835395778
6.059440318500145
6.06023431438739
6.060814619470941
6.0608925952136845
6.061079774426244
6.061542957578209
6.063031562046192
6.063755352643433
6.063985637613451
6.06428192006354
6.064683679536382
6.064807190781725
6.0655528091943
6.0664199335788975
6.069130883112911
6.070048403219598
6.07007168634941
6.0705771827399
6.070849973435083
6.070880036138084
6.071151690087154
6.071375376419903
6.073366696187422
6.07337651958231
6.073701900443887
6.073900612116395
6.07447123369243
6.074721891952914
6.075125596303034
6.07522166216814
6.075551065805845
6.0759287339327726
6.076518274357187
6.0770016488753695
6.077070494563925
6.077136874652595
6.077245751054648
6.07863581040167
6.079095551976647
6.079460261557579
6.080281602091071
6.0803202851362235
6.080597955416761
6.081136293631893
6.081524610640815
6.081640360662508
6.083304392222662
6.083877155152754
6.083879711320459
6.084165097665084
6.084623111954317
6.0855226566345575
6.085550895276867
6.086311738577502
6.086921689524131
6.0870528472758165
6.087336528999341
6.087678904738272
6.088496673001335
6.088745320777929
6.088859626635063
6.090343077793489
6.090992384855581
6.091130389115421
6.091365486032503
6.091407518280682
6.091500107206436
6.092074948759153
6.093084173451994
6.093310667098653
6.093342571980463
6.094003571397104
6.094165684082915
6.0942168814231215
6.094611788287634
6.094749340877921
6.094949508696286
6.094954786139445
6.095771876152737
6.0969113113131375
6.097035912291992
6.097171734848589
6.097819291968308
6.0984733571541225
6.098948313845013
6.099031791164478
6.099791142619902
6.099883004471953
6.100729971466129
6.100878052252269
6.100956604417681
6.101078510008145
6.101404332486252
6.101511118696835
6.101702050991469
6.102097222761587
6.102613211806695
6.1033292304627125
6.103421702226934
6.104447904057655
6.104741470162234
6.105454769720792
6.105736550193639
6.1059603219930345
6.10680890772962
6.1076496436868455
6.10770965753941
6.1085063076860395
6.108798661980593
6.108977414636387
6.109120821721431
6.109415166670063
6.110551521144266
6.111396525612015
6.111401370817816
6.113581705197102
6.113690708175248
6.113991573851623
6.114151300802968
6.114163177827107
6.114183142334121
6.114833973284782
6.1153770653530195
6.1157098780356645
6.115928253029043
6.11641620588491
6.116526074767293
6.116781565640066
6.119087504005884
6.1194171949161795
6.121521259819579
6.121683376951452
6.122015226651553
6.1231181493299625
6.123211445517711
6.123269529877219
6.123951642166356
6.1252112586100385
6.1253001078719125
6.125927194503052
6.128225587154247
6.1287992748992455
6.1289184608129705
6.129050517043366
6.1293934550465075
6.12998369526138
6.130100862216722
6.130985378108194
6.131043569592079
6.13108302048138
6.131279582593594
6.132175381113339
6.133436171286914
6.133607045968992
6.13368616886186
6.135476369202793
6.13844029984192
6.139857229279551
6.140237557158353
6.140641063744615
6.141121927663299
6.14164551584427
6.141769036838519
6.141799564874158
6.141808352851414
6.142130271615909
6.142398380895361
6.142790887381772
6.143210960803718
6.144094714999631
6.144141715506302
6.145944227199669
6.14658193861708
6.1470375873386995
6.14724449250083
6.147263182565378
6.148226237575834
6.148226559632833
6.149143425924671
6.150311606040363
6.151127330377606
6.152076170389789
6.15423037859458
6.154934052142061
6.15521432916677
6.157651884715192
6.157665140565304
6.158126178046539
6.15966664001603
6.160033342646595
6.161649175727988
6.161664630019991
6.162440826120686
6.163518457379184
6.163636189239019
6.164642225927855
6.16467178466492
6.165511280811928
6.166478618828142
6.168646274343353
6.168663839843733
6.168712275712475
6.1693488717541225
6.169462350311014
6.16951807784122
6.172201138496404
6.172952820435239
6.1734605983701805
6.173685357115744
6.173702243124601
6.173749138563294
6.174468087743739
6.177701414861755
6.177712459586022
6.178518898968783
6.178714655945587
6.17981831591839
6.1824735243836715
6.1864857733302125
6.186563842737535
6.186693750342213
6.18699230648903
6.191704835374908
6.1925564721849975
6.192989389558685
6.196574734705611
6.198389697524084
6.204643150525436
6.211925457942158
6.218705452924817
6.219189930443564
6.226971142116634
6.227390427102018
6.2579689806569565
