0.9623874957537353
0.9737768103881017
0.9746448832081283
0.9785195873337702
0.9962275939920207
1.0025215225332564
1.0041715190839695
1.0085525088392289
1.0146933372836582
1.017063221682452
1.0233385877498067
1.0240602525778
1.0376979457591338
1.0422820638448898
1.047220639929417
1.0502360373011763
1.0505833197002894
1.0545600561055142
1.0601221196392514
1.0610386370914016
1.0616998464673468
1.0655642782289596
1.067057377059716
1.0684981516259258
1.0701749271927383
1.0715738753649389
1.0742767502139037
1.0745994470148308
1.0758796989442647
1.0763775535326083
1.0765421515693598
1.0786790634587367
1.085085080523229
1.0875394724480454
1.1024000624504098
1.1028193665680293
1.1028344569045638
1.104138844628541
1.10870437807238
1.110628808279003
1.114246041236225
1.1153047134732919
1.1166735384463504
1.1176015042073852
1.11916864511579
1.120106547714322
1.1206337246693692
1.1257803650632903
1.126237421047602
1.1285891396153338
1.129613887999792
1.1312680355163187
1.133797113131727
1.1346669974786332
1.1348226490988524
1.1368219020109345
1.1400825770169134
1.143534037179813
1.1435879949036107
1.145891519630558
1.1464855883185183
1.1466055883395012
1.1467468780460952
1.1491672670635658
1.1501925552778043
1.15438468002693
1.154598920400668
1.1546331319300789
1.1559553464330512
1.1565929638131434
1.1569185043236838
1.1593856510431497
1.1597917404282723
1.1607332942057171
1.1621923018828322
1.1660162193794117
1.1662061757685673
1.1668104078312327
1.1671697591131662
1.1688915180350978
1.1707791511893606
1.1743253348673095
1.175238240801624
1.1765748118029553
1.1768208451578956
1.1790632436575175
1.1805446680885097
1.180806901437637
1.1814692146950734
1.1821904415116256
1.1838177966388377
1.1846670889646822
1.1857163055965767
1.1872196992997022
1.1874668577749334
1.1899549621618564
1.190779730330009
1.1926433065662962
1.1932119230145135
1.1937428036145632
1.19641912544806
1.198180240076547
1.1984361581112615
1.200400371567783
1.20341433326893
1.2046428502070081
1.2082499029165783
1.2098491926252584
1.211420213517781
1.2122167229785221
1.2130838728006281
1.2136853035987654
1.2150963913487112
1.2156092126196172
1.2165827320354399
1.2167704046439374
1.2187807444156133
1.2201493286513063
1.22191433878196
1.2219831294467973
1.2228990973371656
1.2229350495606124
1.2236085924966178
1.2250009531027262
1.2257169044465825
1.226855955931069
1.2315744523244505
1.2322355790237818
1.2345919378620451
1.2356280400097863
1.2362359854725509
1.2365331577234677
1.2388713836323264
1.2404300374398507
1.24254213394001
1.2455448244290517
1.2477121508203775
1.2480340878086922
1.2483335362050088
1.2490723186304111
1.2492578210404934
1.2500034175542611
1.251688811537178
1.2520966146012071
1.2579342812382794
1.2599810197033483
1.2604400554239295
1.2606053255144385
1.2633211093376981
1.2640016107896956
1.2662954871830647
1.269063717113909
1.2693253734816827
1.270702303773215
1.2728838978797974
1.2752357488442847
1.2756523569755893
1.276841777950305
1.2771370703168559
1.277442409127722
1.2788982601318375
1.2826994491103352
1.2830701922251213
1.2899160828995815
1.2908415342056452
1.2909178808844646
1.2930972797130915
1.2970819381895806
1.2982471313990542
1.2996590570142992
1.3014438552796168
1.3059203636130614
1.3093943147300207
1.3097433645697203
1.3112201331214821
1.3137291473184698
1.3143933984850182
1.3152997834244688
1.3222894959149352
1.32285203533259
1.3317296047496445
1.3339355032839066
1.3341491401033099
1.3363800530113439
1.3364079560111242
1.3365516337030205
1.3394445398539818
1.3398181965797111
1.3401465551332141
1.3437912794642868
1.3478294869736651
1.350312878572333
1.353110122810799
1.3580383962670597
1.3755112513642878
1.375951290665193
1.3926489115009495
1.4108742975158117
1.4500475835695366
1.462650576025049
