11 7.35184845328331
10 6.9871110916137695
10 6.99385929107666
10 6.982707589864731
9 6.677060276269913
9 6.493280589580536
9 6.54155507683754
9 6.678685218095779
8 6.238252103328705
10 6.874582231044769
9 6.607298165559769
11 7.150315195322037
10 6.907678872346878
9 6.475596994161606
10 6.913900315761566
10 6.786352217197418
13 7.818146169185638
11 7.399521708488464
11 7.543279260396957
10 7.1090008318424225
10 7.315859496593475
11 7.48963525891304
13 8.020047456026077
12 7.606349468231201
14 8.274049639701843
14 8.577090054750443
14 8.799600958824158
14 8.646663010120392
14 8.792101442813873
13 8.388877511024475
13 8.255296766757965
13 8.47228392958641
13 8.383085310459137
13 8.378215849399567
13 8.308972209692001
14 8.680558145046234
15 8.903179317712784
13 8.176752477884293
13 8.161068081855774
14 8.263615518808365
14 7.956597328186035
13 7.882717996835709
12 7.484042018651962
13 7.82069718837738
13 7.920403629541397
12 7.848459243774414
13 8.266044974327087
12 8.053515017032623
13 8.142028540372849
12 7.921959817409515
13 8.300508290529251
14 8.765742033720016
14 8.894817471504211
14 9.217962831258774
15 9.319027185440063
13 8.20564717054367
15 8.734764397144318
16 9.639505922794342
14 8.753536462783813
13 8.106448769569397
13 8.38913032412529
14 8.79514080286026
14 8.447620302438736
14 8.705561190843582
14 8.78364971280098
14 8.799567490816116
16 9.347385913133621
13 8.379848062992096
14 8.574624985456467
15 8.638021767139435
13 8.069853365421295
13 8.509089171886444
14 8.653634250164032
11 7.773996144533157
12 8.012961715459824
14 8.668324083089828
15 8.736748784780502
15 8.885024458169937
14 8.362222492694855
15 8.589445769786835
14 8.494174748659134
13 8.192418277263641
13 8.123133331537247
13 8.210179179906845
14 8.272172689437866
12 7.3222605884075165
12 7.730473905801773
12 7.683026283979416
12 7.3465396463871
13 7.905549377202988
13 8.274724245071411
11 7.660608649253845
11 7.611950367689133
12 7.870428025722504
12 7.841802150011063
11 7.578348726034164
11 7.618535727262497
11 7.54288312792778
11 7.224216967821121
12 7.657628059387207
11 7.481664150953293
11 7.4442232847213745
11 7.303373396396637
11 7.568261414766312
12 7.788333863019943
11 7.530762106180191
10 7.099025726318359
10 7.059880346059799
10 7.094326764345169
10 6.90306493639946
10 7.112224191427231
10 7.018854051828384
10 7.0230109095573425
10 6.6938137114048
11 7.125235468149185
11 6.990948855876923
10 6.506671726703644
10 6.6942278444767
12 7.390322953462601
11 6.978662580251694
10 6.529355585575104
9 5.806831359863281
9 5.932588666677475
8 5.497824043035507
10 6.183944791555405
11 6.3811004757881165
11 6.593501418828964
11 6.472602427005768
10 5.781238615512848
10 5.645672798156738
10 6.35219606757164
11 6.627975136041641
12 7.058506608009338
12 7.002178102731705
13 6.991972088813782
12 7.151159107685089
12 7.154968440532684
11 6.992878764867783
10 6.619144141674042
14 7.533948689699173
11 6.966716051101685
10 6.739709228277206
10 6.542276114225388
11 6.636692523956299
11 6.751228094100952
13 7.271327614784241
11 6.024330288171768
9 5.528969198465347
8 5.369475066661835
10 5.752400189638138
10 6.303570717573166
8 5.309055954217911
8 5.236865669488907
10 5.884072691202164
10 5.947410941123962
10 5.741903156042099
10 5.43268883228302
7 5.051064610481262
9 5.377655655145645
11 5.967314600944519
10 5.9152911603450775
9 5.493340492248535
11 6.202244162559509
10 5.817574560642242
9 5.127050012350082
9 5.443858295679092
7 4.857335388660431
8 5.142223596572876
8 5.404308170080185
7 4.893098831176758
7 5.000946342945099
7 5.114631623029709
9 5.968320518732071
9 5.612453073263168
9 5.827740371227264
8 5.606532484292984
11 6.317063331604004
11 6.547929406166077
10 5.966492086648941
12 6.635025858879089
10 5.6335232853889465
11 6.037607282400131
10 5.624719113111496
11 6.070441961288452
10 5.902723044157028
11 6.1051687598228455
13 6.218646436929703
11 5.88286417722702
10 5.581220716238022
11 5.394793689250946
10 5.118990987539291
10 4.899781107902527
12 6.626059353351593
16 7.552903711795807
12 5.332835018634796
13 5.547210276126862
10 4.917526751756668
11 5.556783080101013
6 3.7612840235233307
7 3.0697505474090576
6 2.5674305260181427
7 3.3268274664878845
6 3.346708834171295
9 4.408811509609222
7 3.4304275810718536
4 2.2390608191490173
7 3.3855236768722534
8 4.013360172510147
6 3.2053516805171967
6 3.490593522787094
7 4.152972370386124
4 2.6624225080013275
5 2.946319490671158
5 2.6357200741767883
5 2.772137612104416
4 2.7146776020526886
5 2.9531745314598083
6 3.5786987245082855
8 3.9662832617759705
8 4.224063187837601
6 3.244689017534256
8 3.8986053466796875
8 4.556516736745834
7 4.085715413093567
7 4.721787393093109
8 5.408616989850998
8 4.660510569810867
6 4.073538213968277
7 4.659347057342529
8 4.946687489748001
7 4.970143288373947
7 4.928561598062515
6 4.463458210229874
6 4.479498237371445
6 4.440090537071228
9 5.678079515695572
9 6.0759866535663605
8 5.726995557546616
9 5.8946020901203156
8 5.1271902322769165
8 5.276957541704178
8 5.382650315761566
7 5.242072761058807
7 5.2785860896110535
7 4.986248880624771
7 4.798271834850311
7 4.820087045431137
6 4.610139757394791
7 5.024743288755417
8 5.6801320016384125
7 5.0429710149765015
7 5.401090681552887
7 5.119341135025024
8 5.131740182638168
8 5.092114865779877
10 5.838010400533676
8 5.073202878236771
10 5.942314922809601
9 5.497103154659271
9 5.479702353477478
8 5.003058761358261
6 4.275450706481934
6 4.321490824222565
7 4.884443402290344
8 5.113996386528015
8 5.3717944622039795
10 6.576283186674118
9 6.255624532699585
9 6.091609060764313
9 6.10125258564949
10 6.600281864404678
8 5.912021338939667
7 5.442854195833206
8 5.975201219320297
8 6.181304544210434
9 6.215801984071732
10 6.74399721622467
9 6.646720260381699
10 6.733966886997223
9 6.824466407299042
10 7.008736580610275
9 6.243568301200867
10 6.684594005346298
10 6.896314263343811
11 6.8205001056194305
9 6.099495321512222
13 7.421917676925659
14 7.766461282968521
10 6.431669056415558
10 6.377534925937653
15 8.138299465179443
12 7.306244939565659
13 7.772140830755234
12 7.534993946552277
11 7.1865169405937195
10 7.035183638334274
13 8.17359983921051
11 7.627757281064987
14 8.524051696062088
16 9.598912984132767
