0 11 7.35184845328331 6.128225587154247 0.2398792898698443 0.09595171594793772 0.04797585797396886
1 10 6.9871110916137695 6.1059603219930345 0.2025610738984273 0.08102442955937092 0.04051221477968546
2 10 6.99385929107666 6.174468087743739 0.2374992815907728 0.09499971263630912 0.04749985631815456
3 10 6.982707589864731 6.139857229279551 0.22014768733908407 0.08805907493563363 0.044029537467816814
4 9 6.677060276269913 6.15423037859458 0.2008369747189482 0.08033478988757928 0.04016739494378964
5 9 6.493280589580536 6.1693488717541225 0.23672469548742844 0.09468987819497138 0.04734493909748569
6 9 6.54155507683754 6.030121354045622 0.21554390102592502 0.08621756041037 0.043108780205185
7 9 6.678685218095779 6.087336528999341 0.24377140152628476 0.09750856061051391 0.048754280305256956
8 8 6.238252103328705 6.2579689806569565 0.19530825071102834 0.07812330028441133 0.03906165014220567
9 10 6.874582231044769 6.219189930443564 0.24203648393829466 0.09681459357531785 0.04840729678765893
10 9 6.607298165559769 5.994709800984578 0.19585280756948645 0.07834112302779458 0.03917056151389729
11 11 7.150315195322037 6.172952820435239 0.24950069600398989 0.09980027840159594 0.04990013920079797
12 10 6.907678872346878 6.099883004471953 0.19047752230150666 0.07619100892060267 0.038095504460301334
13 9 6.475596994161606 6.077245751054648 0.24049095980537985 0.09619638392215195 0.048098191961075974
14 10 6.913900315761566 6.114151300802968 0.22312278364349905 0.08924911345739962 0.04462455672869981
15 10 6.786352217197418 6.1253001078719125 0.2110789549089763 0.08443158196359052 0.04221579098179526
16 13 7.818146169185638 6.1293934550465075 0.23512116302733876 0.09404846521093552 0.04702423260546776
17 11 7.399521708488464 6.023726668989363 0.23272294434900628 0.09308917773960251 0.04654458886980126
18 11 7.543279260396957 6.148226559632833 0.1990874468997249 0.07963497875988997 0.03981748937994498
19 10 7.1090008318424225 6.063985637613451 0.17765398886817876 0.07106159554727151 0.035530797773635756
20 10 7.315859496593475 6.070880036138084 0.20676036242953139 0.08270414497181255 0.04135207248590628
21 11 7.48963525891304 6.091130389115421 0.1515634852402012 0.060625394096080476 0.030312697048040238
22 13 8.020047456026077 6.071375376419903 0.21907551219461538 0.08763020487784615 0.04381510243892307
23 12 7.606349468231201 6.140641063744615 0.23805230642231218 0.09522092256892488 0.04761046128446244
24 14 8.274049639701843 6.15521432916677 0.1705990423092334 0.06823961692369335 0.034119808461846673
25 14 8.577090054750443 6.108798661980593 0.18796340495310715 0.07518536198124286 0.03759268099062143
26 14 8.799600958824158 6.186693750342213 0.2295182010163997 0.09180728040655987 0.04590364020327994
27 14 8.646663010120392 6.086311738577502 0.17608278194814894 0.07043311277925958 0.03521655638962979
28 14 8.792101442813873 6.105736550193639 0.20805995904514232 0.08322398361805693 0.04161199180902846
29 13 8.388877511024475 6.102097222761587 0.24105515382780893 0.09642206153112358 0.04821103076556179
30 13 8.255296766757965 6.079095551976647 0.20427506086386968 0.08171002434554787 0.04085501217277394
31 13 8.47228392958641 6.041482694057826 0.1980694345344025 0.079227773813761 0.0396138869068805
32 13 8.383085310459137 6.0803202851362235 0.24103000069722394 0.09641200027888958 0.04820600013944479
33 13 8.378215849399567 6.02892818739042 0.2162826854392107 0.08651307417568428 0.04325653708784214
34 13 8.308972209692001 6.07337651958231 0.22605671468897107 0.09042268587558844 0.04521134293779422
35 14 8.680558145046234 6.113991573851623 0.2147206024815109 0.08588824099260436 0.04294412049630218
36 15 8.903179317712784 6.177712459586022 0.2383679096333063 0.09534716385332252 0.04767358192666126
37 13 8.176752477884293 6.011346709577589 0.18377400747371891 0.07350960298948757 0.036754801494743784
38 13 8.161068081855774 6.075125596303034 0.16595359194007964 0.06638143677603185 0.033190718388015926
39 14 8.263615518808365 6.094003571397104 0.18964436076182176 0.0758577443047287 0.03792887215236435
40 14 7.956597328186035 6.1085063076860395 0.21469327062273957 0.08587730824909583 0.04293865412454791
41 13 7.882717996835709 6.15966664001603 0.20529911851746668 0.08211964740698667 0.041059823703493335
42 12 7.484042018651962 6.14658193861708 0.19742122669249657 0.07896849067699863 0.03948424533849931
43 13 7.82069718837738 6.073900612116395 0.24824052304110947 0.09929620921644379 0.049648104608221895
44 13 7.920403629541397 6.1864857733302125 0.20496706668706768 0.08198682667482708 0.04099341333741354
45 12 7.848459243774414 6.0705771827399 0.21323112967025332 0.08529245186810132 0.04264622593405066
46 13 8.266044974327087 6.087678904738272 0.21796205357692858 0.08718482143077143 0.043592410715385714
47 12 8.053515017032623 6.151127330377606 0.23452716794752473 0.0938108671790099 0.04690543358950495
48 13 8.142028540372849 6.115928253029043 0.20198911875092232 0.08079564750036893 0.04039782375018446
49 12 7.921959817409515 6.047254584765732 0.21243457431876478 0.08497382972750592 0.04248691486375296
50 13 8.300508290529251 6.1231181493299625 0.22144887730352408 0.08857955092140964 0.04428977546070482
51 14 8.765742033720016 6.053521819453991 0.1858185687457053 0.07432742749828213 0.03716371374914106
52 14 8.894817471504211 6.162440826120686 0.1625713339702935 0.0650285335881174 0.0325142667940587
53 14 9.217962831258774 6.093342571980463 0.1768753659189362 0.07075014636757448 0.03537507318378724
54 15 9.319027185440063 6.164642225927855 0.203353273239303 0.0813413092957212 0.0406706546478606
55 13 8.20564717054367 6.046756284554398 0.23705495985890088 0.09482198394356035 0.04741099197178018
56 15 8.734764397144318 5.998876102190619 0.25647057770966575 0.1025882310838663 0.05129411554193315
57 16 9.639505922794342 6.10770965753941 0.21618976174380988 0.08647590469752396 0.04323795234876198
58 14 8.753536462783813 6.161664630019991 0.21725651179226269 0.08690260471690507 0.043451302358452536
59 13 8.106448769569397 6.069130883112911 0.18681611863838748 0.07472644745535499 0.037363223727677496
60 13 8.38913032412529 6.040627265308067 0.2319564932274686 0.09278259729098745 0.046391298645493725
61 14 8.79514080286026 6.038313385417867 0.205911516129771 0.08236460645190839 0.041182303225954196
62 14 8.447620302438736 6.083879711320459 0.19611493296394575 0.07844597318557829 0.039222986592789146
63 14 8.705561190843582 5.968212077472753 0.18157429357224253 0.07262971742889701 0.036314858714448506
64 14 8.78364971280098 6.061542957578209 0.18766299455262897 0.07506519782105159 0.037532598910525794
65 14 8.799567490816116 6.144141715506302 0.22544265577689312 0.09017706231075724 0.04508853115537862
66 16 9.347385913133621 6.05801172808292 0.23003271561690006 0.09201308624676002 0.04600654312338001
67 13 8.379848062992096 6.070849973435083 0.20859452864631636 0.08343781145852654 0.04171890572926327
68 14 8.574624985456467 6.053640208385124 0.22597487516006878 0.09038995006402752 0.04519497503201376
69 15 8.638021767139435 6.211925457942158 0.22428900090775136 0.08971560036310054 0.04485780018155027
70 13 8.069853365421295 6.13108302048138 0.22268980978942696 0.08907592391577078 0.04453796195788539
71 13 8.509089171886444 6.041769129309371 0.21047960597793744 0.08419184239117497 0.042095921195587485
72 14 8.653634250164032 6.097035912291992 0.21760673544548145 0.08704269417819258 0.04352134708909629
73 11 7.773996144533157 6.035708295193669 0.1899191433897437 0.07596765735589749 0.03798382867794874
74 12 8.012961715459824 6.098948313845013 0.18534753071276022 0.07413901228510408 0.03706950614255204
75 14 8.668324083089828 5.982084111003503 0.1926092627598071 0.07704370510392285 0.03852185255196142
76 15 8.736748784780502 6.090343077793489 0.22546489691737426 0.0901859587669497 0.04509297938347485
77 15 8.885024458169937 6.111401370817816 0.2134853923671015 0.0853941569468406 0.0426970784734203
78 14 8.362222492694855 6.1194171949161795 0.23274443553869048 0.0930977742154762 0.0465488871077381
79 15 8.589445769786835 6.121683376951452 0.22746599768002024 0.09098639907200809 0.045493199536004045
80 14 8.494174748659134 6.100729971466129 0.16914217888775118 0.06765687155510047 0.033828435777550236
81 13 8.192418277263641 6.123951642166356 0.18035094237988172 0.07214037695195269 0.036070188475976345
82 13 8.123133331537247 6.017395004082444 0.24753098413873068 0.09901239365549228 0.04950619682774614
83 13 8.210179179906845 6.100878052252269 0.22610930674284965 0.09044372269713986 0.04522186134856993
84 14 8.272172689437866 6.103421702226934 0.2181236948779827 0.08724947795119307 0.04362473897559654
85 12 7.3222605884075165 6.141808352851414 0.195491685316642 0.0781966741266568 0.0390983370633284
86 12 7.730473905801773 6.059440318500145 0.2298147405977184 0.09192589623908735 0.04596294811954368
87 12 7.683026283979416 6.1287992748992455 0.23666068801878587 0.09466427520751436 0.04733213760375718
88 12 7.3465396463871 6.039422957861704 0.2188192102522853 0.08752768410091412 0.04376384205045706
89 13 7.905549377202988 6.006535440324176 0.18914472859822748 0.075657891439291 0.0378289457196455
90 13 8.274724245071411 6.054601517632047 0.20207364667824257 0.08082945867129702 0.04041472933564851
91 11 7.660608649253845 6.109415166670063 0.1833301372335076 0.07333205489340304 0.03666602744670152
92 11 7.611950367689133 6.079460261557579 0.2166298603515213 0.08665194414060852 0.04332597207030426
93 12 7.870428025722504 6.0518015689841365 0.1923905508473841 0.07695622033895363 0.03847811016947682
94 12 7.841802150011063 6.114833973284782 0.18956819260450192 0.07582727704180077 0.037913638520900385
95 11 7.578348726034164 6.027540020381965 0.2470781575800077 0.09883126303200308 0.04941563151600154
96 11 7.618535727262497 6.064683679536382 0.22146618502416723 0.08858647400966689 0.044293237004833445
97 11 7.54288312792778 6.1076496436868455 0.208783843809004 0.08351353752360159 0.041756768761800796
98 11 7.224216967821121 6.133436171286914 0.19252313239271995 0.07700925295708798 0.03850462647854399
99 12 7.657628059387207 6.099791142619902 0.17620191187051254 0.07048076474820501 0.03524038237410251
100 11 7.481664150953293 6.088859626635063 0.22165284114303516 0.08866113645721406 0.04433056822860703
101 11 7.4442232847213745 6.001179450549675 0.21046224378478784 0.08418489751391513 0.042092448756957564
102 11 7.303373396396637 6.055035356233245 0.19640472214076488 0.07856188885630594 0.03928094442815297
103 11 7.568261414766312 6.055870307633523 0.21367435352726624 0.0854697414109065 0.04273487070545325
104 12 7.788333863019943 6.0655528091943 0.18517607761774071 0.07407043104709629 0.037035215523548146
105 11 7.530762106180191 6.050961362466347 0.1892391952280141 0.07569567809120564 0.03784783904560282
106 10 7.099025726318359 6.16467178466492 0.20404345655658349 0.08161738262263339 0.040808691311316696
107 10 7.059880346059799 6.094949508696286 0.21055525146536525 0.0842221005861461 0.04211105029307305
108 10 7.094326764345169 6.161649175727988 0.19714296785362898 0.0788571871414516 0.0394285935707258
109 10 6.90306493639946 6.094611788287634 0.2090007500908727 0.08360030003634908 0.04180015001817454
110 10 7.112224191427231 6.166478618828142 0.21961008102919777 0.08784403241167911 0.043922016205839555
111 10 7.018854051828384 6.032143678701587 0.1638595245772515 0.06554380983090059 0.032771904915450296
112 10 7.0230109095573425 6.100956604417681 0.19723941399658262 0.07889576559863305 0.039447882799316526
113 10 6.6938137114048 6.160033342646595 0.20211461955717366 0.08084584782286947 0.04042292391143473
114 11 7.125235468149185 6.14724449250083 0.21748221690558964 0.08699288676223585 0.043496443381117925
115 11 6.990948855876923 6.1289184608129705 0.20349791962541455 0.08139916785016582 0.04069958392508291
116 10 6.506671726703644 6.080597955416761 0.20051909723081937 0.08020763889232775 0.040103819446163876
117 10 6.6942278444767 6.17981831591839 0.22692087027729038 0.09076834811091615 0.045384174055458075
118 12 7.390322953462601 6.143210960803718 0.21393786093980166 0.08557514437592066 0.04278757218796033
119 11 6.978662580251694 6.141799564874158 0.20543762182016162 0.08217504872806465 0.041087524364032325
120 10 6.529355585575104 6.0969113113131375 0.19770707207408952 0.07908282882963581 0.039541414414817906
121 9 5.806831359863281 6.053975501681361 0.22827164928956403 0.09130865971582562 0.04565432985791281
122 9 5.932588666677475 6.053736520850129 0.22252704929623335 0.08901081971849334 0.04450540985924667
123 8 5.497824043035507 6.150311606040363 0.2418416319701296 0.09673665278805184 0.04836832639402592
124 10 6.183944791555405 6.101078510008145 0.21028213077484226 0.0841128523099369 0.04205642615496845
125 11 6.3811004757881165 6.038319883098011 0.20416613742018583 0.08166645496807434 0.04083322748403717
126 11 6.593501418828964 6.12998369526138 0.23534220844875076 0.0941368833795003 0.04706844168975015
127 11 6.472602427005768 6.0254945290765 0.22271818721906692 0.08908727488762677 0.044543637443813386
128 10 5.781238615512848 6.157665140565304 0.21990348253486133 0.08796139301394454 0.04398069650697227
129 10 5.645672798156738 6.060814619470941 0.21728252604513373 0.0869130104180535 0.04345650520902675
130 10 6.35219606757164 6.1252112586100385 0.19958529340734749 0.079834117362939 0.0399170586814695
131 11 6.627975136041641 6.040340913827358 0.2327369558432381 0.09309478233729525 0.046547391168647624
132 12 7.058506608009338 6.141121927663299 0.22924418882791883 0.09169767553116753 0.045848837765583766
133 12 7.002178102731705 6.071151690087154 0.22729278882356346 0.09091711552942539 0.04545855776471269
134 13 6.991972088813782 6.104447904057655 0.20366698384803636 0.08146679353921454 0.04073339676960727
135 12 7.151159107685089 6.165511280811928 0.17911464584495831 0.07164585833798331 0.03582292916899166
136 12 7.154968440532684 6.191704835374908 0.2330775633577372 0.09323102534309488 0.04661551267154744
137 11 6.992878764867783 6.173749138563294 0.1949150228793724 0.07796600915174896 0.03898300457587448
138 10 6.619144141674042 6.095771876152737 0.1602023098688766 0.06408092394755063 0.03204046197377532
139 14 7.533948689699173 6.0855226566345575 0.221080086633746 0.0884320346534984 0.0442160173267492
140 11 6.966716051101685 6.158126178046539 0.21381005395318936 0.08552402158127574 0.04276201079063787
141 10 6.739709228277206 6.036232582728481 0.21904673084180393 0.08761869233672157 0.04380934616836078
142 10 6.542276114225388 6.034758151704205 0.21262585633517658 0.08505034253407064 0.04252517126703532
143 11 6.636692523956299 6.114163177827107 0.2017940780608226 0.08071763122432904 0.04035881561216452
144 11 6.751228094100952 6.099031791164478 0.2120499754444343 0.08481999017777372 0.04240999508888686
145 13 7.271327614784241 6.147263182565378 0.2216851850611229 0.08867407402444916 0.04433703701222458
146 11 6.024330288171768 6.057187567130017 0.19672908868088898 0.0786916354723556 0.0393458177361778
147 9 5.528969198465347 6.058394835395778 0.2104335545562291 0.08417342182249164 0.04208671091124582
148 8 5.369475066661835 6.116526074767293 0.22981095275565194 0.09192438110226078 0.04596219055113039
149 10 5.752400189638138 6.178714655945587 0.24098775302572478 0.09639510121028991 0.048197550605144954
150 10 6.303570717573166 6.142130271615909 0.1979168700737317 0.07916674802949268 0.03958337401474634
151 8 5.309055954217911 6.1033292304627125 0.18550399069779208 0.07420159627911684 0.03710079813955842
152 8 5.236865669488907 6.091365486032503 0.19936550688976348 0.0797462027559054 0.0398731013779527
153 10 5.884072691202164 6.111396525612015 0.19095157957336034 0.07638063182934414 0.03819031591467207
154 10 5.947410941123962 6.1824735243836715 0.21808952935069315 0.08723581174027727 0.04361790587013863
155 10 5.741903156042099 6.101404332486252 0.20828318654674988 0.08331327461869995 0.04165663730934997
156 10 5.43268883228302 6.0870528472758165 0.20934342101719652 0.0837373684068786 0.0418686842034393
157 7 5.051064610481262 6.058163790258213 0.22715586274459512 0.09086234509783804 0.04543117254891902
158 9 5.377655655145645 6.10680890772962 0.18069900720582538 0.07227960288233015 0.036139801441165076
159 11 5.967314600944519 6.080281602091071 0.216741391822302 0.0866965567289208 0.0433482783644604
160 10 5.9152911603450775 6.13844029984192 0.19474570417280976 0.0778982816691239 0.03894914083456195
161 9 5.493340492248535 6.18699230648903 0.20685042323483552 0.08274016929393421 0.041370084646967106
162 11 6.202244162559509 6.145944227199669 0.2437223469014064 0.09748893876056255 0.04874446938028128
163 10 5.817574560642242 6.133607045968992 0.18712695049149844 0.07485078019659937 0.037425390098299684
164 9 5.127050012350082 6.010086787097845 0.19733327999453518 0.07893331199781407 0.03946665599890704
165 9 5.443858295679092 6.075551065805845 0.15822216714452692 0.06328886685781077 0.03164443342890538
166 7 4.857335388660431 6.16951807784122 0.26463081227778823 0.10585232491111528 0.05292616245555764
167 8 5.142223596572876 6.061079774426244 0.2361196838025311 0.09444787352101244 0.04722393676050622
168 8 5.404308170080185 6.029150465478999 0.24101880892233943 0.09640752356893577 0.048203761784467884
169 7 4.893098831176758 6.119087504005884 0.2134409066840785 0.0853763626736314 0.0426881813368157
170 7 5.000946342945099 6.0608925952136845 0.21187059531892152 0.08474823812756861 0.042374119063784306
171 7 5.114631623029709 6.088745320777929 0.26397234108100565 0.10558893643240226 0.05279446821620113
172 9 5.968320518732071 6.091407518280682 0.2122077309359165 0.0848830923743666 0.0424415461871833
173 9 5.612453073263168 6.101702050991469 0.15758987118534515 0.06303594847413806 0.03151797423706903
174 9 5.827740371227264 6.14164551584427 0.19059139132644293 0.07623655653057716 0.03811827826528858
175 8 5.606532484292984 6.086921689524131 0.21102079318389394 0.08440831727355758 0.04220415863677879
176 11 6.317063331604004 6.045836455512362 0.19823010428914326 0.0792920417156573 0.03964602085782865
177 11 6.547929406166077 6.0770016488753695 0.1792841469040599 0.07171365876162396 0.03585682938081198
178 10 5.966492086648941 6.093084173451994 0.21379254231902659 0.08551701692761064 0.04275850846380532
179 12 6.635025858879089 6.101511118696835 0.2196595236977882 0.08786380947911529 0.043931904739557645
180 10 5.6335232853889465 5.989197688720741 0.19286813917852016 0.07714725567140807 0.03857362783570403
181 11 6.037607282400131 6.070048403219598 0.20257008622648515 0.08102803449059405 0.040514017245297025
182 10 5.624719113111496 6.022740906640862 0.2228087120174276 0.08912348480697105 0.044561742403485524
183 11 6.070441961288452 6.154934052142061 0.2003713778045207 0.08014855112180828 0.04007427556090414
184 10 5.902723044157028 6.110551521144266 0.21259327804263928 0.08503731121705571 0.042518655608527856
185 11 6.1051687598228455 6.091500107206436 0.20875147699441782 0.08350059079776713 0.041750295398883565
186 13 6.218646436929703 6.169462350311014 0.2448947912485486 0.09795791649941944 0.04897895824970972
187 11 5.88286417722702 6.102613211806695 0.23940565666488642 0.09576226266595457 0.047881131332977285
188 10 5.581220716238022 6.077070494563925 0.20547254912095256 0.08218901964838103 0.041094509824190516
189 11 5.394793689250946 6.076518274357187 0.19501654303000895 0.07800661721200358 0.03900330860600179
190 10 5.118990987539291 6.11641620588491 0.22953926590605192 0.09181570636242077 0.045907853181210385
191 10 4.899781107902527 6.041730749636748 0.2154314645216647 0.08617258580866588 0.04308629290433294
192 12 6.626059353351593 6.07863581040167 0.226382856165197 0.09055314246607879 0.045276571233039395
193 16 7.552903711795807 6.131279582593594 0.22413533966458457 0.08965413586583383 0.044827067932916916
194 12 5.332835018634796 6.034528502059405 0.20579337918474097 0.0823173516738964 0.0411586758369482
195 13 5.547210276126862 6.196574734705611 0.2008803375940351 0.08035213503761404 0.04017606751880702
196 10 4.917526751756668 6.030784405868466 0.2199902770856837 0.08799611083427347 0.043998055417136736
197 11 5.556783080101013 6.050617287548552 0.186908512488409 0.0747634049953636 0.0373817024976818
198 6 3.7612840235233307 6.07522166216814 0.19783293956133605 0.07913317582453441 0.039566587912267207
199 7 3.0697505474090576 6.027725699248955 0.20515685879012122 0.08206274351604849 0.041031371758024245
200 6 2.5674305260181427 6.123269529877219 0.20725919814554053 0.0829036792582162 0.0414518396291081
201 7 3.3268274664878845 6.097171734848589 0.19777853033318865 0.07911141213327547 0.03955570606663773
202 6 3.346708834171295 6.1470375873386995 0.18954478553718968 0.07581791421487588 0.03790895710743794
203 9 4.408811509609222 6.1153770653530195 0.18889044419564802 0.07555617767825921 0.03777808883912961
204 7 3.4304275810718536 6.0984733571541225 0.20008786269891857 0.08003514507956742 0.04001757253978371
205 4 2.2390608191490173 6.052801996816885 0.2046572225617069 0.08186288902468276 0.04093144451234138
206 7 3.3855236768722534 6.121521259819579 0.22149835261958326 0.0885993410478333 0.04429967052391665
207 8 4.013360172510147 6.163518457379184 0.23305853384176026 0.0932234135367041 0.04661170676835205
208 6 3.2053516805171967 6.047175869575595 0.22504902579362196 0.09001961031744879 0.045009805158724395
209 6 3.490593522787094 6.198389697524084 0.25082714308531556 0.10033085723412621 0.05016542861706311
210 7 4.152972370386124 6.172201138496404 0.18651508029342861 0.07460603211737145 0.037303016058685724
211 4 2.6624225080013275 6.083304392222662 0.20889525577546408 0.08355810231018564 0.04177905115509282
212 5 2.946319490671158 6.135476369202793 0.1786412440873036 0.07145649763492144 0.03572824881746072
213 5 2.6357200741767883 6.109120821721431 0.2039288530170403 0.08157154120681612 0.04078577060340806
214 5 2.772137612104416 6.227390427102018 0.22204985551305273 0.08881994220522109 0.044409971102610545
215 4 2.7146776020526886 6.108977414636387 0.21763485030660099 0.0870539401226404 0.0435269700613202
216 5 2.9531745314598083 6.03894631175883 0.24073805866745399 0.09629522346698159 0.048147611733490796
217 6 3.5786987245082855 6.073366696187422 0.19745627481437483 0.07898250992574994 0.03949125496287497
218 8 3.9662832617759705 6.141769036838519 0.21764985427485029 0.08705994170994012 0.04352997085497006
219 8 4.224063187837601 6.129050517043366 0.19299836298091205 0.07719934519236482 0.03859967259618241
220 6 3.244689017534256 6.177701414861755 0.1700081691854197 0.06800326767416788 0.03400163383708394
221 8 3.8986053466796875 6.105454769720792 0.19307451926888738 0.07722980770755496 0.03861490385377748
222 8 4.556516736745834 6.06428192006354 0.15315012776495604 0.06126005110598242 0.03063002555299121
223 7 4.085715413093567 6.063755352643433 0.1991476622457932 0.07965906489831728 0.03982953244915864
224 7 4.721787393093109 5.995332296489445 0.25790238216502875 0.1031609528660115 0.05158047643300575
225 8 5.408616989850998 6.163636189239019 0.22566888074885458 0.09026755229954184 0.04513377614977092
226 8 4.660510569810867 6.1925564721849975 0.24992389473607932 0.09996955789443172 0.04998477894721586
227 6 4.073538213968277 6.085550895276867 0.2205759510650245 0.0882303804260098 0.0441151902130049
228 7 4.659347057342529 6.092074948759153 0.21881103712425892 0.08752441484970357 0.04376220742485178
229 8 4.946687489748001 6.116781565640066 0.19572883804781915 0.07829153521912767 0.039145767609563835
230 7 4.970143288373947 6.030743320841147 0.23946939297226355 0.09578775718890542 0.04789387859445271
231 7 4.928561598062515 6.178518898968783 0.2122041725268016 0.08488166901072064 0.04244083450536032
232 6 4.463458210229874 6.094749340877921 0.1679089727697843 0.06716358910791373 0.033581794553956865
233 6 4.479498237371445 6.0759287339327726 0.1960192340268704 0.07840769361074816 0.03920384680537408
234 6 4.440090537071228 6.081136293631893 0.19998780182870332 0.07999512073148134 0.03999756036574067
235 9 5.678079515695572 6.094165684082915 0.21478727606130987 0.08591491042452395 0.04295745521226198
236 9 6.0759866535663605 6.144094714999631 0.2028469763744865 0.0811387905497946 0.0405693952748973
237 8 5.726995557546616 6.094954786139445 0.197462420083291 0.07898496803331641 0.039492484016658204
238 9 5.8946020901203156 6.125927194503052 0.21294608920593155 0.08517843568237261 0.04258921784118631
239 8 5.1271902322769165 6.157651884715192 0.1580921297228276 0.06323685188913104 0.03161842594456552
240 8 5.276957541704178 6.093310667098653 0.23730205184870717 0.09492082073948287 0.04746041036974143
241 8 5.382650315761566 6.114183142334121 0.2006675040309814 0.08026700161239256 0.04013350080619628
242 7 5.242072761058807 6.130985378108194 0.20375776532428316 0.08150310612971326 0.04075155306485663
243 7 5.2785860896110535 6.081640360662508 0.20073639200942592 0.08029455680377036 0.04014727840188518
244 7 4.986248880624771 6.073701900443887 0.18613464297002438 0.07445385718800974 0.03722692859400487
245 7 4.798271834850311 6.218705452924817 0.1691906382895337 0.06767625531581349 0.033838127657906746
246 7 4.820087045431137 6.0446018143006865 0.2117508441327088 0.08470033765308352 0.04235016882654176
247 6 4.610139757394791 6.122015226651553 0.20346968332325188 0.08138787332930075 0.040693936664650376
248 7 5.024743288755417 6.132175381113339 0.2158346200621946 0.08633384802487783 0.04316692401243891
249 8 5.6801320016384125 6.142398380895361 0.2244594388143614 0.08978377552574456 0.04489188776287228
250 7 5.0429710149765015 6.168712275712475 0.20490785150393354 0.0819631406015734 0.0409815703007867
251 7 5.401090681552887 6.173685357115744 0.17893402675530426 0.0715736107021217 0.03578680535106085
252 7 5.119341135025024 6.051602402361597 0.2277269777315461 0.09109079109261844 0.04554539554630922
253 8 5.131740182638168 6.081524610640815 0.20980279231364266 0.08392111692545706 0.04196055846272853
254 8 5.092114865779877 6.06023431438739 0.2198008272360792 0.08792033089443167 0.043960165447215836
255 10 5.838010400533676 6.0942168814231215 0.21924518073304985 0.08769807229321994 0.04384903614660997
256 8 5.073202878236771 5.97097915424633 0.1910498725462917 0.07641994901851668 0.03820997450925834
257 10 5.942314922809601 6.084623111954317 0.205921252407069 0.08236850096282759 0.041184250481413796
258 9 5.497103154659271 6.192989389558685 0.1821260243093921 0.07285040972375684 0.03642520486187842
259 9 5.479702353477478 6.048016293915272 0.17550301418014747 0.07020120567205898 0.03510060283602949
260 8 5.003058761358261 6.077136874652595 0.23081948607057653 0.09232779442823062 0.04616389721411531
261 6 4.275450706481934 6.036594746978253 0.23176506366130378 0.09270602546452152 0.04635301273226076
262 6 4.321490824222565 6.043949738433672 0.2314723530311522 0.09258894121246088 0.04629447060623044
263 7 4.884443402290344 6.142790887381772 0.18324480599880888 0.07329792239952355 0.03664896119976178
264 8 5.113996386528015 6.031911787113097 0.2162203197329156 0.08648812789316625 0.043244063946583124
265 8 5.3717944622039795 6.07447123369243 0.22728014885873435 0.09091205954349374 0.04545602977174687
266 10 6.576283186674118 6.140237557158353 0.2543651426995565 0.10174605707982261 0.050873028539911304
267 9 6.255624532699585 6.173702243124601 0.17509352391436392 0.07003740956574557 0.035018704782872785
268 9 6.091609060764313 6.097819291968308 0.24035355439510858 0.09614142175804342 0.04807071087902171
269 9 6.10125258564949 6.152076170389789 0.21147185496011214 0.08458874198404485 0.04229437099202243
270 10 6.600281864404678 6.048943323685919 0.2025802775703842 0.08103211102815368 0.04051605551407684
271 8 5.912021338939667 6.07007168634941 0.20110351367954343 0.08044140547181737 0.040220702735908685
272 7 5.442854195833206 6.074721891952914 0.20635662368622068 0.08254264947448828 0.04127132473724414
273 8 5.975201219320297 6.084165097665084 0.239762623952559 0.09590504958102361 0.047952524790511805
274 8 6.181304544210434 6.186563842737535 0.22278286655362733 0.08911314662145094 0.04455657331072547
275 9 6.215801984071732 6.064807190781725 0.2360093999758522 0.09440375999034088 0.04720187999517044
276 10 6.74399721622467 6.113690708175248 0.20596510725444675 0.0823860429017787 0.04119302145088935
277 9 6.646720260381699 6.0664199335788975 0.20029058371419603 0.08011623348567841 0.040058116742839205
278 10 6.733966886997223 6.040850294329697 0.1906655963406277 0.07626623853625109 0.03813311926812554
279 9 6.824466407299042 6.036250956017463 0.20673170556109216 0.08269268222443686 0.04134634111221843
280 10 7.008736580610275 6.131043569592079 0.22013333256176693 0.08805333302470676 0.04402666651235338
281 9 6.243568301200867 6.0403992539013025 0.2285042240715877 0.09140168962863508 0.04570084481431754
282 10 6.684594005346298 6.083877155152754 0.1855157363784075 0.07420629455136299 0.037103147275681495
283 10 6.896314263343811 6.1157098780356645 0.20763389623787024 0.08305355849514809 0.041526779247574044
284 11 6.8205001056194305 6.168646274343353 0.24499663776825034 0.09799865510730013 0.048999327553650066
285 9 6.099495321512222 6.113581705197102 0.21160646079427758 0.08464258431771103 0.042321292158855515
286 13 7.421917676925659 6.088496673001335 0.2350561048611393 0.0940224419444557 0.04701122097222785
287 14 7.766461282968521 5.9493300548125605 0.21910133428791045 0.08764053371516417 0.043820266857582085
288 10 6.431669056415558 6.063031562046192 0.20074277551573141 0.08029711020629257 0.040148555103146286
289 10 6.377534925937653 6.149143425924671 0.19578523111764018 0.07831409244705607 0.03915704622352804
290 15 8.138299465179443 6.090992384855581 0.19087031357115145 0.07634812542846058 0.03817406271423029
291 12 7.306244939565659 6.168663839843733 0.20867296232396368 0.08346918492958548 0.04173459246479274
292 13 7.772140830755234 6.13368616886186 0.20963575318038702 0.0838543012721548 0.0419271506360774
293 12 7.534993946552277 6.148226237575834 0.21577780716337053 0.08631112286534821 0.04315556143267411
294 11 7.1865169405937195 6.104741470162234 0.17459524124371772 0.0698380964974871 0.03491904824874355
295 10 7.035183638334274 6.204643150525436 0.1787813329308717 0.07151253317234868 0.03575626658617434
296 13 8.17359983921051 6.130100862216722 0.2259521569965597 0.0903808627986239 0.04519043139931195
297 11 7.627757281064987 6.226971142116634 0.20084697606908275 0.08033879042763309 0.040169395213816544
298 14 8.524051696062088 6.1734605983701805 0.2174166465472965 0.0869666586189186 0.0434833293094593
299 16 9.598912984132767 6.123211445517711 0.17219638831743928 0.06887855532697572 0.03443927766348786
