0.36135550794649407
0.36513835850943577
0.3757235316880826
0.37692100935656453
0.37723104272968033
0.3819520708772578
0.38760026447842955
0.3906715502196586
0.395664195871543
0.4003261870617493
0.4032663795655994
0.40338191578277044
0.4053310613284581
0.40673981263454767
0.4105481822906477
0.416267493352217
0.417455491815481
0.4184317926887213
0.4198140667632793
0.42009809463146336
0.42170373420461704
0.42356011597675985
0.4259139158423033
0.42624791367261816
0.4266119641192061
0.42704259358634544
0.42744671560301756
0.4299901542183917
0.4308200054307589
0.4329068507486404
0.4342222793326189
0.4368896627397749
0.4370931082570734
0.4381513773768399
0.44149417309222394
0.44190294912519507
0.44227597879837055
0.4423039826831996
0.4430259913103707
0.4437795709848985
0.4446866042457309
0.4454043355903327
0.44562461969473127
0.4461454164779149
0.44742344511182064
0.448139679320114
0.45034991310989386
0.4509561743694007
0.4511814003658631
0.4519099844388716
0.45196579123616676
0.45214739027457657
0.452802523111686
0.45413380217911403
0.45440528709040384
0.45458220563084534
0.4550702895430361
0.4552640427907952
0.45549839150021476
0.4586948176560023
0.4590109166925429
0.45921626748992705
0.45983347696905175
0.4601439547083665
0.46032552544805383
0.4643099407501453
0.4647136280044851
0.46495567090513457
0.4656511562133511
0.46608849839363575
0.4666539145656089
0.4667883661213879
0.46694948093768707
0.46734627253263095
0.46757443657862124
0.4682653478163835
0.46903869791242836
0.47002546275527235
0.47025540827890067
0.47047920225747863
0.47068888352512495
0.4707724447593089
0.4707870962221408
0.4713703920223463
0.4715407617883412
0.4716704834969903
0.4718705894320767
0.472234331451422
0.47261739799772085
0.4746614620679019
0.474805026640399
0.47532440874520177
0.47584842063748234
0.4768080754964431
0.4770466392014469
0.4775299637656117
0.47772259188776184
0.4780747824450001
0.4784286118292365
0.4785928535686157
0.47860807303364616
0.4788326614354806
0.47885650651236233
0.4789360465861204
0.47946813983808384
0.48111457362371113
0.4815795868657167
0.4817811171489777
0.4818788041047422
0.4829432342014964
0.4829647212659958
0.4829890193233113
0.4836248788225329
0.4848319846136641
0.485109527881746
0.4851768484721531
0.4855799289894971
0.48579636889525213
0.48620427374134134
0.4864775098719203
0.4867700038437506
0.4870296975704901
0.487940842060344
0.488538388023218
0.48867956802145884
0.48913206765680606
0.48947124127737685
0.4898014588836709
0.48988473205793515
0.4906496505373501
0.4909313109630847
0.49095452405707596
0.4910590821610612
0.4919925300746457
0.4928867949511818
0.4929551182497296
0.49316983994206315
0.4941444352758897
0.49503778514354285
0.4960535980347212
0.49658581387221784
0.4973281112821492
0.4975151117419331
0.4977023053036161
0.4977794738030529
0.49804510063043617
0.4982966186782663
0.4991136098318017
0.49981058402153733
0.500208836349589
0.5013516682978684
0.5017126907258728
0.5017810911769577
0.5018224858711658
0.5020028387674457
0.5031127767178868
0.5032514450764091
0.5041881917956165
0.5045091171128215
0.5048533538167687
0.5051388628933943
0.5055665384398325
0.5059341729326287
0.505942656841079
0.5064834936112518
0.5068618727746946
0.5069395454768576
0.5077030401371277
0.5083826295620282
0.5088827769376719
0.508988839071039
0.5094393575841576
0.5097211416221299
0.5097628926114782
0.5100676082129518
0.511868645245408
0.5119338094747327
0.5120927716763255
0.5136286366502397
0.5138967061660886
0.5144543818554176
0.5145898343615403
0.5154365581126449
0.5155094140360728
0.5156581054668682
0.5164858349597962
0.5167517467076826
0.5179798884207313
0.5180419112327903
0.5183616794283307
0.518518011344885
0.518814886678413
0.5188819177308106
0.5189176899787195
0.5196620311186995
0.5199659570472077
0.520047414011914
0.5216861656290506
0.5217056518847591
0.522248103241453
0.5223167233338722
0.5223782880018006
0.5227212446523901
0.5235912347536034
0.5237091152615266
0.5240460091497402
0.524290758454469
0.5244976927892773
0.5248387636226819
0.5248729880787947
0.5258940483689892
0.5270960012286806
0.5279752667034247
0.5280165315250569
0.5280932250489789
0.5284615543914679
0.5285386683013985
0.5294081104112929
0.5305458290487131
0.530933880303924
0.5310015373684571
0.5311557449188884
0.5312173653064433
0.531966170414684
0.5343802920927634
0.5347466490453514
0.5351530046805415
0.5365586895790624
0.5374971765920952
0.5375502036032063
0.5380365389558186
0.5387119221605294
0.5387660864831657
0.538961207125118
0.5390865963526956
0.5397387889985966
0.5410215146000156
0.5415817803015592
0.5418781014889106
0.5419082375134551
0.5423211996078974
0.5429434245384839
0.5442420227278806
0.54479652421853
0.546560737676427
0.5472140336427681
0.5472642562533663
0.5479120081797885
0.5479210390990219
0.5484407320425512
0.5503165389789976
0.5518730951098256
0.5525709716351123
0.5530273752867427
0.5548547371602208
0.5548881431656792
0.5549059761492979
0.555654844860459
0.5557002147620611
0.5591563414276236
0.560417425301407
0.5605725360568494
0.5610995494097489
0.5626902579685502
0.5629531951010969
0.5642430496663711
0.5643956553636276
0.5651830669853708
0.5657721801965407
0.5662424125451393
0.5675609264905743
0.5683133831818254
0.5707875649091874
0.5709395241076077
0.5716386412443137
0.5719167944666012
0.573047529208919
0.5733751292356964
0.5739642588316297
0.5745595765727157
0.5746336196001516
0.5746603028708075
0.5747202726073478
0.5765953826192131
0.5770599459130636
0.5810793564353142
0.5811963117749328
0.5838746815885272
0.5841175026136645
0.5890802325725739
0.5901598552196757
0.5918515277889
0.5948560142612216
0.595864998665045
0.5980185105450524
0.6064537589539445
0.6114735071889538
0.6148871950269431
0.6293591048264638
0.6309290224976258
