0 140 12 14 14 70 21
1 120 12 10 9 67 27
2 120 8 11 11 68 23
3 120 11 11 11 69 29
4 120 11 8 8 68 28
5 120 10 10 10 68 26
6 120 11 12 12 69 30
7 160 11 11 11 80 23
8 160 10 7 6 81 23
9 140 11 15 15 74 24
10 120 11 11 11 67 27
11 120 12 14 14 64 27
12 160 9 9 9 79 25
13 160 8 10 10 77 26
14 180 13 12 12 89 22
15 160 10 8 8 81 23
16 100 14 9 9 59 26
17 120 15 16 15 66 24
18 120 7 13 12 65 25
19 120 10 11 11 67 26
20 120 9 9 9 63 26
21 120 7 8 8 66 22
22 140 11 10 10 60 21
23 100 14 15 15 49 25
24 140 11 9 9 61 22
25 100 7 12 12 47 25
26 120 9 9 9 53 25
27 100 8 10 10 51 28
28 100 11 13 12 43 26
29 100 11 7 4 46 22
30 120 10 9 9 51 24
31 100 11 8 8 42 25
32 140 12 9 9 56 27
33 100 11 10 10 43 23
34 140 8 11 11 62 26
35 160 10 9 9 66 24
36 140 14 15 15 55 26
37 160 11 13 12 64 22
38 100 12 10 10 44 25
39 120 11 7 7 50 23
40 120 10 10 10 52 20
41 120 7 11 11 58 24
42 160 9 14 14 65 24
43 140 10 8 9 64 25
44 140 10 12 12 62 23
45 140 16 10 9 67 25
46 140 10 10 10 66 23
47 140 7 11 11 62 27
48 120 11 12 12 56 24
49 120 14 7 7 53 22
50 140 8 13 13 60 27
51 120 8 8 8 51 20
52 80 10 9 9 41 21
53 120 9 12 12 50 25
54 160 14 10 10 61 24
55 180 7 11 11 65 24
56 160 8 15 15 62 25
57 140 15 9 9 50 24
58 100 9 5 3 38 23
59 160 13 12 12 50 25
60 100 11 10 10 32 25
61 120 8 7 6 38 21
62 100 10 9 9 34 27
63 80 7 10 10 32 23
64 60 11 10 10 22 22
65 120 10 10 10 44 22
66 120 7 10 10 43 25
67 140 12 13 13 49 24
68 120 14 11 11 39 24
69 140 13 14 14 48 25
70 180 10 11 11 64 30
71 180 11 8 8 63 25
72 180 7 9 9 67 25
73 140 9 7 7 51 25
74 140 9 8 8 48 25
75 160 12 10 10 58 28
76 140 9 11 11 54 26
77 180 9 8 8 71 21
78 200 11 13 13 78 23
79 200 13 9 9 76 24
80 200 10 12 12 72 23
81 200 13 10 9 71 26
82 160 9 18 16 61 25
83 160 13 12 12 64 27
84 160 12 11 11 66 22
85 160 10 10 9 69 25
86 120 12 9 9 55 25
87 140 12 10 11 66 25
88 140 14 10 10 62 24
89 140 12 11 11 54 26
90 140 13 10 10 52 27
91 160 13 14 14 62 27
92 160 9 12 12 68 23
93 160 13 13 13 61 22
94 180 7 9 9 64 23
95 160 10 11 11 58 26
96 200 6 10 10 69 23
97 140 11 11 11 54 27
98 160 14 9 9 68 23
99 160 8 9 9 60 23
100 140 10 13 13 54 23
101 100 13 12 12 38 23
102 140 8 11 11 53 25
103 120 10 12 12 46 23
104 100 11 10 10 39 24
105 120 9 10 10 47 26
106 160 11 11 11 58 20
107 140 11 14 14 56 24
108 160 11 8 9 58 24
109 160 12 10 10 61 26
110 160 9 11 11 58 23
111 200 6 11 11 72 22
112 200 10 14 14 74 20
113 180 13 10 10 66 24
114 140 13 10 9 49 24
115 120 9 8 8 46 22
116 140 11 10 10 51 26
117 120 8 12 12 50 22
118 120 11 8 8 53 23
119 140 7 12 12 56 24
120 120 10 11 11 50 27
121 100 9 12 12 46 24
122 100 10 13 13 41 24
123 100 10 10 9 40 26
124 100 9 11 11 38 26
125 100 11 14 14 35 23
126 80 12 11 11 32 26
127 80 10 11 11 31 24
128 120 11 10 10 44 27
129 80 12 12 12 31 26
130 120 10 10 10 46 26
131 120 13 8 8 46 25
132 100 9 8 7 40 26
133 100 7 14 14 37 24
134 100 12 8 7 48 26
135 100 12 12 12 42 23
136 80 12 11 11 31 25
137 60 10 13 13 25 24
138 60 8 11 11 25 23
139 100 7 11 11 39 27
140 60 9 7 7 27 21
141 60 14 9 9 27 25
142 80 9 8 9 32 26
143 100 10 7 7 36 24
144 100 9 10 10 37 21
145 100 9 11 11 39 26
146 100 10 9 9 38 27
147 80 6 8 8 37 28
148 60 13 11 11 25 28
149 60 11 11 11 26 23
150 60 7 13 12 26 26
151 60 12 8 8 27 23
152 60 12 15 14 22 25
153 60 9 10 10 24 22
154 60 9 10 10 22 22
155 60 10 11 11 27 22
156 60 10 13 13 23 24
157 80 14 10 10 30 27
158 80 14 10 9 30 21
159 80 9 8 8 27 27
160 60 11 7 7 25 24
161 60 11 11 11 18 27
162 40 10 7 7 17 22
163 40 15 13 13 14 27
164 60 8 7 7 21 25
165 80 11 13 13 26 21
166 60 10 7 7 22 24
167 60 9 10 10 17 28
168 60 10 7 7 20 24
169 80 14 11 11 24 22
170 80 11 10 9 29 23
171 80 6 12 12 27 25
172 80 12 12 12 28 26
173 120 11 11 11 36 24
174 80 13 10 9 25 26
175 100 15 8 8 31 27
176 60 13 8 7 21 22
177 100 10 14 14 34 26
178 100 9 11 11 33 24
179 60 8 10 10 24 27
180 80 7 11 11 31 20
181 80 11 12 12 34 24
182 100 9 13 13 40 25
183 60 11 13 12 27 25
184 80 15 11 12 33 25
185 120 10 13 13 43 24
186 120 8 13 13 37 25
187 80 14 11 11 25 24
188 60 11 8 8 18 25
189 40 9 10 10 15 24
190 60 10 10 10 18 21
191 40 11 13 13 12 25
192 80 12 9 9 23 25
193 40 13 10 9 14 24
194 60 12 9 9 20 23
195 60 7 12 12 17 26
196 40 10 11 11 16 24
197 40 8 12 12 16 24
198 40 11 11 11 12 25
199 20 14 8 8 11 23
