136 240 144 121 5 2 1
144 220 136 126 4 2 1
133 240 141 121 3 2 1
193 320 152 121 6 3 2
12 200 139 121 4 2 1
64 280 176 121 5 2 1
11 220 144 125 5 2 1
50 260 167 123 4 2 1
166 140 98 123 5 2 1
180 200 113 123 3 2 1
107 200 142 123 5 2 1
122 180 119 123 4 2 1
119 220 140 123 3 2 1
158 180 108 123 6 3 2
54 300 187 126 6 3 2
139 280 151 123 3 2 1
77 300 178 123 4 2 1
198 120 76 122 5 2 1
123 160 110 122 4 2 1
0 220 148 120 5 2 1
15 200 136 122 5 2 1
33 260 168 124 5 2 1
174 180 117 120 6 3 2
14 200 139 124 6 3 2
149 200 116 124 5 2 1
23 240 153 123 6 3 2
5 180 130 125 4 2 1
159 220 120 123 4 2 1
169 140 98 119 6 3 2
16 260 157 121 6 3 2
120 200 131 127 4 2 1
117 200 134 122 4 2 1
132 240 142 122 4 2 1
82 260 163 122 4 2 1
31 260 170 125 5 2 1
127 220 130 122 5 2 1
162 220 125 125 5 2 1
37 260 164 122 5 2 1
187 220 118 120 6 3 2
24 280 166 119 5 2 1
98 220 145 122 6 3 2
25 280 172 124 3 2 1
94 240 157 122 3 2 1
190 200 103 121 4 2 1
2 200 140 119 3 2 1
59 260 163 122 6 3 2
86 240 155 125 6 3 2
75 280 174 122 5 2 1
176 220 127 123 6 3 2
72 280 174 123 3 2 1
111 200 141 128 3 1 1
124 200 124 122 4 2 1
8 160 125 124 5 2 1
55 260 165 123 3 2 1
22 260 161 121 5 2 1
163 200 117 120 7 3 2
143 220 133 124 5 2 1
167 160 103 122 4 2 1
131 220 133 121 6 3 2
18 220 151 125 3 2 1
85 240 147 121 5 2 1
52 280 178 122 5 2 1
108 200 142 123 5 2 1
191 200 98 121 5 2 1
93 240 158 123 6 3 2
79 300 172 119 6 3 2
172 180 120 125 5 2 1
171 140 103 119 3 1 1
97 220 151 121 5 2 1
40 280 160 120 4 2 1
156 200 109 122 5 2 1
43 260 157 123 5 2 1
153 200 118 126 4 2 1
194 240 107 120 5 2 1
101 220 149 127 6 3 2
89 260 159 123 5 2 1
45 240 157 117 7 3 2
78 280 168 122 5 2 1
38 260 164 124 5 2 1
128 200 116 121 5 2 1
182 200 113 121 4 2 1
170 140 101 122 5 2 1
92 220 153 122 4 2 1
96 220 153 123 3 1 1
164 180 103 124 4 2 1
84 280 166 123 5 2 1
9 200 138 123 5 2 1
13 180 130 119 4 2 1
155 200 115 120 4 2 1
53 280 185 123 4 2 1
73 220 156 126 4 2 1
65 280 176 122 5 2 1
49 240 159 124 6 3 2
121 180 117 125 4 2 1
29 260 168 123 5 2 1
103 220 152 121 4 2 1
195 260 111 125 3 2 1
109 200 139 123 5 2 1
51 280 176 122 4 2 1
102 220 147 125 4 2 1
106 200 142 124 5 2 1
112 200 141 122 5 2 1
19 200 143 121 5 2 1
129 200 113 122 5 2 1
35 280 174 124 4 2 1
197 220 112 122 4 2 1
126 220 132 120 5 2 1
48 260 163 125 5 2 1
183 220 122 117 5 2 1
63 280 175 121 3 2 1
1 200 140 124 5 2 1
118 240 148 123 5 2 1
39 280 166 121 5 2 1
76 300 175 121 4 2 1
179 240 133 122 4 2 1
157 140 102 120 6 3 2
67 260 168 124 5 2 1
47 240 162 123 3 2 1
173 180 113 125 5 2 1
148 160 108 125 6 3 2
61 280 176 127 4 2 1
30 260 166 123 4 2 1
135 240 144 122 5 2 1
161 180 110 126 5 2 1
91 220 154 125 6 3 2
115 220 140 126 4 2 1
66 320 187 123 3 2 1
199 140 62 124 6 3 2
6 180 131 123 5 2 1
145 260 146 122 4 2 1
80 280 170 125 4 2 1
58 280 176 123 4 2 1
165 180 109 125 5 2 1
168 160 109 122 5 2 1
70 260 162 118 5 2 1
189 220 108 122 4 2 1
44 260 159 123 4 2 1
147 180 111 123 3 1 1
28 280 176 124 5 2 1
160 200 119 123 5 2 1
41 260 158 121 3 2 1
88 240 147 122 6 3 2
42 240 150 123 4 2 1
130 200 128 124 5 2 1
17 220 148 122 6 3 2
150 200 127 120 3 2 1
21 220 150 123 3 2 1
110 200 143 121 4 2 1
10 180 133 120 5 2 1
99 240 154 126 3 2 1
27 280 173 125 4 2 1
46 260 166 122 5 2 1
154 200 119 126 4 2 1
87 240 154 124 5 2 1
90 260 166 126 6 3 2
57 320 193 122 7 3 2
146 220 121 122 5 2 1
113 200 134 122 6 3 2
185 220 123 118 5 2 1
196 200 99 126 4 2 1
69 300 173 122 6 3 2
125 220 128 121 5 2 1
36 300 179 124 6 3 2
60 260 168 122 5 2 1
4 180 134 124 5 2 1
141 200 135 122 6 3 2
104 240 156 126 5 2 1
100 220 150 125 4 2 1
3 200 140 121 5 2 1
140 220 140 126 4 2 1
138 200 133 121 4 2 1
137 220 140 125 4 2 1
71 260 171 121 5 2 1
32 260 168 121 5 2 1
175 160 113 124 6 3 2
142 200 131 124 4 2 1
34 260 167 123 4 2 1
95 220 152 122 5 2 1
188 200 112 123 5 2 1
177 220 131 123 4 2 1
74 240 161 123 4 2 1
81 260 164 124 6 3 2
68 280 172 124 6 3 2
7 180 134 123 5 2 1
56 300 175 123 4 2 1
186 260 125 125 4 2 1
178 200 120 124 4 2 1
151 160 107 124 6 3 2
114 220 143 124 6 3 2
116 200 131 119 5 2 1
181 220 121 123 5 2 1
192 240 133 121 5 2 1
105 220 151 122 4 2 1
152 160 105 120 5 2 1
20 200 147 123 4 2 1
26 280 176 121 4 2 1
83 260 165 125 6 3 2
184 200 119 123 7 3 2
62 280 169 122 5 2 1
134 260 140 123 5 2 1
