7 3.4932980239391327
6 3.3082461059093475
6 3.3919189870357513
6 3.443066358566284
6 3.379227966070175
6 3.352125197649002
6 3.4066684246063232
8 3.980170965194702
8 4.0324020981788635
7 3.6896337270736694
6 3.300149083137512
6 3.164041519165039
8 3.900791198015213
8 3.843479335308075
9 4.442157953977585
8 4.01228740811348
5 2.9389423429965973
6 3.278300315141678
6 3.2477933168411255
6 3.323717087507248
6 3.138883113861084
6 3.270715117454529
7 2.9902713298797607
5 2.4267835915088654
7 3.0366281867027283
5 2.317569375038147
6 2.6362920701503754
5 2.5222165882587433
5 2.1224341094493866
5 2.2643656730651855
6 2.5075602531433105
5 2.0795796513557434
7 2.750296711921692
5 2.1093828976154327
7 3.0511872470378876
8 3.2534892559051514
7 2.7186109721660614
8 3.1620683073997498
5 2.1845795810222626
6 2.485042303800583
6 2.562372922897339
6 2.897614985704422
8 3.2060531973838806
7 3.163231134414673
7 3.0598748922348022
7 3.314876616001129
7 3.2940942347049713
7 3.0507797598838806
6 2.7639584839344025
6 2.601606398820877
7 2.9710775017738342
6 2.513836294412613
4 2.0120429396629333
6 2.4827287793159485
8 3.0008901953697205
9 3.2040462493896484
8 3.0709613263607025
7 2.490944743156433
5 1.898993968963623
8 2.464755952358246
5 1.5716091990470886
6 1.8616655766963959
5 1.6539838016033173
4 1.5589817464351654
3 1.0803939402103424
6 2.173762947320938
6 2.1255525946617126
7 2.4094537794589996
6 1.9408967792987823
7 2.366511970758438
9 3.164809912443161
9 3.1356141269207
9 3.320385992527008
7 2.547851264476776
7 2.385466605424881
8 2.887480229139328
7 2.666760116815567
9 3.5406464338302612
10 3.857199549674988
10 3.751383274793625
10 3.5738336741924286
10 3.544328063726425
8 3.0459969341754913
8 3.194450467824936
8 3.2609190344810486
8 3.4461670517921448
6 2.7280799746513367
7 3.2765646874904633
7 3.0726771354675293
7 2.670606017112732
7 2.5669243931770325
8 3.090567499399185
8 3.3849713504314423
8 3.0233482718467712
9 3.1552112102508545
8 2.870156943798065
10 3.4435377717018127
7 2.6554998755455017
8 3.3988783061504364
8 2.9651118218898773
7 2.6716268360614777
5 1.8915150463581085
7 2.6046090126037598
6 2.268286108970642
5 1.9005542695522308
6 2.3046952188014984
8 2.894127368927002
7 2.7696131765842438
8 2.8924260437488556
8 3.019980549812317
8 2.8682247698307037
10 3.5860047042369843
10 3.6678109169006348
9 3.2973590791225433
7 2.4472420811653137
6 2.2650408148765564
7 2.528522551059723
6 2.4740468561649323
6 2.6011031568050385
7 2.7883245050907135
6 2.4999459087848663
5 2.277042120695114
5 2.012741446495056
5 1.9815157055854797
5 1.8788920938968658
5 1.7448334991931915
4 1.5795952677726746
4 1.5305940806865692
6 2.1501563787460327
4 1.5074474215507507
6 2.278403252363205
6 2.2593429684638977
5 1.9643533527851105
5 1.8403279781341553
5 2.3882519006729126
5 2.0757556557655334
4 1.5493927299976349
3 1.2082190215587616
3 1.2151828110218048
5 1.9271950125694275
3 1.3063945472240448
3 1.3089953362941742
4 1.5724422335624695
5 1.7887982428073883
5 1.8094816207885742
5 1.9020837545394897
5 1.8503300249576569
4 1.8464297950267792
3 1.2375106513500214
3 1.2564955055713654
3 1.2883985936641693
3 1.3129662871360779
3 1.076012134552002
3 1.1898500621318817
3 1.088531345129013
3 1.325596421957016
3 1.1418545544147491
4 1.4639605283737183
4 1.4649408757686615
4 1.323274403810501
3 1.2276771366596222
3 0.8869861662387848
2 0.8268541693687439
2 0.6792589724063873
3 1.0096386969089508
4 1.2832835614681244
3 1.0985791981220245
3 0.8255855143070221
3 0.9912817776203156
4 1.19997438788414
4 1.4339590668678284
4 1.3415937423706055
4 1.354052722454071
6 1.7742233872413635
4 1.2168922424316406
5 1.5274010002613068
3 1.039679080247879
5 1.6556161940097809
5 1.615616261959076
3 1.155735045671463
4 1.5141755640506744
4 1.659476488828659
5 1.9611211121082306
3 1.31679168343544
4 1.6319460570812225
6 2.125937342643738
6 1.815799206495285
4 1.2053519189357758
3 0.8579545319080353
2 0.7439024746417999
3 0.8739522099494934
2 0.5796453058719635
4 1.1278204917907715
2 0.6743904650211334
3 0.9609268009662628
3 0.8323599994182587
2 0.7556090354919434
2 0.791441798210144
2 0.5986744165420532
1 0.5024230480194092
2 0.8171973824501038
1 0.3077545762062073
1 0.5218494534492493
1 0.3663835823535919
1 0.31480172276496887
0 0.0
2 0.7679913341999054
2 0.6948546469211578
1 0.34372925758361816
1 0.3907773792743683
1 0.5426028966903687
2 0.7380575835704803
1 0.4216204881668091
1 0.4216204881668091
1 0.281431645154953
1 0.39007601141929626
2 0.6934733092784882
2 0.697998583316803
2 0.8734517693519592
2 0.6707405745983124
1 0.394197553396225
1 0.45831960439682007
2 0.8592639267444611
4 1.560252159833908
3 1.464937537908554
2 1.0564198791980743
3 1.3760142028331757
4 1.709631621837616
4 1.6627573072910309
4 1.725698173046112
4 1.8417865633964539
4 1.8304073512554169
4 1.5870332419872284
3 1.513619065284729
5 2.3485317826271057
5 2.2162657976150513
3 1.631073772907257
3 1.7082510590553284
5 2.033705085515976
5 2.1181539595127106
4 1.7394541203975677
6 2.3234329521656036
4 2.1141080260276794
5 2.2779142558574677
6 2.800880640745163
5 2.795132339000702
5 2.867065519094467
4 2.4142896831035614
5 2.308717906475067
5 2.436605453491211
4 1.8912629783153534
4 1.925635039806366
4 2.520964562892914
4 2.2420932948589325
5 2.553097903728485
4 2.2140004336833954
6 2.5639990270137787
6 2.737224578857422
6 2.9509888887405396
6 2.881973147392273
5 2.8005740344524384
4 2.4007829427719116
4 2.3975533545017242
3 2.1700244545936584
4 2.3710995614528656
4 2.237216591835022
5 2.7509594559669495
5 2.5245854556560516
5 2.5330529510974884
7 3.447008579969406
7 3.826796382665634
5 3.043605327606201
5 3.065838038921356
6 3.198899894952774
7 3.614548921585083
8 3.4756705164909363
6 2.9295782446861267
7 3.4207584857940674
6 3.2231900691986084
7 3.551886647939682
10 4.486868530511856
8 2.9922805428504944
7 3.235042542219162
7 2.9081594944000244
8 3.2394842505455017
6 2.4140785932540894
3 1.223269522190094
6 2.4191559851169586
6 2.8098868131637573
7 2.985179752111435
9 3.8951090574264526
6 2.7730921804904938
7 3.067434161901474
8 3.114626556634903
8 3.013326197862625
5 2.448643058538437
8 3.126477837562561
8 3.4462708234786987
8 3.6859005987644196
8 3.417044997215271
