0 7 0.580462130914181 0.3397535114598256 0.3189881241722585 3.4932980239391327 0.9737768103881017
1 6 0.4595360123700303 0.7524428259340039 0.7394887819123039 3.3082461059093475 1.1899549621618564
2 6 0.6240290375044868 0.5701202271713992 0.5560406928454585 3.3919189870357513 1.2500034175542611
3 6 0.6333863238424193 0.4763934074934012 0.4745894526902961 3.443066358566284 1.2480340878086922
4 6 0.4876298172260592 0.591798463927124 0.5830041573642448 3.379227966070175 1.1805446680885097
5 6 0.5130690088788061 0.5192200985937518 0.5168687502905213 3.352125197649002 1.1491672670635658
6 6 0.5349519568178515 0.5264628395344878 0.5248528059344783 3.4066684246063232 1.1348226490988524
7 8 0.7184769339505496 0.5470149409609972 0.5505568663654886 3.980170965194702 1.2315744523244505
8 8 0.336863591593325 0.5983066749341421 0.5861744893456786 4.0324020981788635 1.0684981516259258
9 7 0.42544086951015314 0.41839885791790754 0.42353145182720753 3.6896337270736694 1.1368219020109345
10 6 0.46984337622058875 0.5178762293782224 0.516497873401557 3.300149083137512 1.2826994491103352
11 6 0.5318672122671805 0.4743422009230295 0.4691941710400232 3.164041519165039 1.1028193665680293
12 8 0.4384512955490705 0.5232802944953445 0.5198505352575246 3.900791198015213 1.10870437807238
13 8 0.42951731430608586 0.4564003633615499 0.44084543762736095 3.843479335308075 1.2520966146012071
14 9 0.5064542128571676 0.36251516410421203 0.34956602403411074 4.442157953977585 1.104138844628541
15 8 0.565659911696707 0.6112256009753226 0.6038308507862832 4.01228740811348 1.2046428502070081
16 5 0.4742536649171335 0.6084121465108417 0.5920841756942863 2.9389423429965973 1.3365516337030205
17 6 0.4135461449802324 0.4383252104598874 0.4277348804318766 3.278300315141678 1.1668104078312327
18 6 0.33785541005661524 0.48050120400377194 0.47751418832659986 3.2477933168411255 1.1872196992997022
19 6 0.5215436246412674 0.501169332261869 0.5024279075840943 3.323717087507248 1.2345919378620451
20 6 0.32891320702195725 0.3163766118085761 0.30196851322303564 3.138883113861084 1.1400825770169134
21 6 0.6714178625291752 0.48274610043799515 0.48450024251777674 3.270715117454529 1.126237421047602
22 7 0.6101140832899818 0.5200930730584422 0.5185413999397558 2.9902713298797607 1.2228990973371656
23 5 0.6520152120852498 0.37623240809868674 0.3781025559719909 2.4267835915088654 1.3143933984850182
24 7 0.33973288320494116 0.5247932130550721 0.5205010641805554 3.0366281867027283 1.1501925552778043
25 5 0.7102913352705703 0.4748852163060208 0.47060392079776336 2.317569375038147 1.0655642782289596
26 6 0.3859076044167402 0.6095504895259504 0.6025559718188693 2.6362920701503754 1.0765421515693598
27 5 0.3258263004975516 0.48131158728192597 0.4841762510881429 2.5222165882587433 1.1546331319300789
28 5 0.41769075297509467 0.5158337604118288 0.5089817466325537 2.1224341094493866 1.20341433326893
29 5 0.48607500091307765 0.3780421249632636 0.38168115656911034 2.2643656730651855 1.0376979457591338
30 6 0.45706410570817324 0.46040758368609164 0.44626356753984564 2.5075602531433105 1.0742767502139037
31 5 0.6135409410960602 0.31509129308836537 0.2919930193600675 2.0795796513557434 1.1593856510431497
32 7 0.6146695578815045 0.4246018990438397 0.4263195178577665 2.750296711921692 1.3363800530113439
33 5 0.4505303769688088 0.471448833644116 0.4605682122633396 2.1093828976154327 1.0763775535326083
34 7 0.44091591899723026 0.49958208537486 0.4979243708677498 3.0511872470378876 1.11916864511579
35 8 0.43288886820415906 0.4723062670165381 0.46529096289165506 3.2534892559051514 1.2756523569755893
36 7 0.45209611304717123 0.598383842751999 0.5863755993094363 2.7186109721660614 1.2930972797130915
37 8 0.4671294385205929 0.47293755690872386 0.4680942122490326 3.1620683073997498 1.2752357488442847
38 5 0.3750303957718055 0.5105621665111324 0.5061959020869952 2.1845795810222626 1.2365331577234677
39 6 0.35531837951489065 0.5797127516270235 0.5638417859613033 2.485042303800583 1.1768208451578956
40 6 0.29753477934478345 0.453252082330153 0.4371998053938214 2.562372922897339 1.1565929638131434
41 6 0.3292404086286661 0.5114681016956789 0.506811610041652 2.897614985704422 1.2156092126196172
42 8 0.5525594430531425 0.6865117843874331 0.679692437713547 3.2060531973838806 1.0610386370914016
43 7 0.44893905430455455 0.4726818746461063 0.4665948454737846 3.163231134414673 1.3580383962670597
44 7 0.5323401756700046 0.37990507750661506 0.3844735207101084 3.0598748922348022 1.1024000624504098
45 7 0.4060830759314795 0.3965270968846987 0.40455723041118896 3.314876616001129 1.2728838978797974
46 7 0.5134638124330967 0.4039552588034538 0.4144845276193394 3.2940942347049713 1.175238240801624
47 7 0.4328560500412962 0.5434757977063938 0.5404717192125653 3.0507797598838806 1.1028344569045638
48 6 0.45598647838213235 0.5646599542230857 0.5558349336959368 2.7639584839344025 1.1176015042073852
49 6 0.6260074431827141 0.6244507477492955 0.6320516435190922 2.601606398820877 1.15438468002693
50 7 0.5150599488151761 0.6214724002790214 0.6135521972504242 2.9710775017738342 1.2483335362050088
51 6 0.5173022916842339 0.5377917466083193 0.5357593451457618 2.513836294412613 1.0745994470148308
52 4 0.43174007292772754 0.5904021711378508 0.5829615325414353 2.0120429396629333 1.2150963913487112
53 6 0.5479200144248463 0.6438008843620513 0.6442909913525025 2.4827287793159485 1.2477121508203775
54 8 0.3433125352933045 0.6050595143820425 0.5920529090591699 3.0008901953697205 1.1984361581112615
55 9 0.4238732972689898 0.46659101458876157 0.45660990643957267 3.2040462493896484 1.3317296047496445
56 8 0.4876124582665422 0.6613478371557462 0.6662829186731751 3.0709613263607025 1.3112201331214821
57 7 0.6561644123617865 0.34987414630515634 0.3305126903302418 2.490944743156433 1.3394445398539818
58 5 0.5969656813690996 0.5174623174165037 0.5115100552604684 1.898993968963623 1.0146933372836582
59 8 0.509726043256518 0.3738239185776412 0.3661517465215922 2.464755952358246 1.133797113131727
60 5 0.4710057109678076 0.4211832616895854 0.4244831022939374 1.5716091990470886 1.375951290665193
61 6 0.346735837693657 0.45391943601196205 0.43804356694264396 1.8616655766963959 1.0545600561055142
62 5 0.3957264610356048 0.4190482773386236 0.42384611805099515 1.6539838016033173 1.2136853035987654
63 4 0.25827121283644455 0.44598860573442056 0.43467935472291636 1.5589817464351654 0.9746448832081283
64 3 0.6037355379419181 0.4348368386086672 0.42708475820141634 1.0803939402103424 1.276841777950305
65 6 0.4157957789227224 0.4485360264993049 0.43665052514544755 2.173762947320938 1.1312680355163187
66 6 0.5021010590061538 0.33217382805459605 0.3146087169478239 2.1255525946617126 1.2604400554239295
67 7 0.7738893858163953 0.7392123865560017 0.7331903005563578 2.4094537794589996 1.2356280400097863
68 6 0.4983608923703905 0.5272441553839609 0.526874307164567 1.9408967792987823 1.3093943147300207
69 7 0.6075454802571926 0.3018951846065965 0.25787437336467706 2.366511970758438 1.1821904415116256
70 9 0.33365331360223127 0.38344452389054645 0.38468929478691183 3.164809912443161 1.226855955931069
71 9 0.43687458479363583 0.34510397351023125 0.32824722182470045 3.1356141269207 1.0715738753649389
72 9 0.6666304047273781 0.613459958635351 0.609245965374072 3.320385992527008 1.2187807444156133
73 7 0.31911232571857595 0.455895768830892 0.43984849002163895 2.547851264476776 1.2982471313990542
74 7 0.48323633339017247 0.5723404717884585 0.5620004671941284 2.385466605424881 1.1467468780460952
75 8 0.5326372882866363 0.5841656589928677 0.5708155413228182 2.887480229139328 1.3401465551332141
76 7 0.73228690308525 0.4681569232462194 0.4603688632632828 2.666760116815567 1.3755112513642878
77 9 0.5393341055013184 0.43850316062426253 0.4277387358302334 3.5406464338302612 1.4108742975158117
78 10 0.4322894714913073 0.4658513701747216 0.4563766378474221 3.857199549674988 1.2236085924966178
79 10 0.4792402729418357 0.3671024688090433 0.3549150295973279 3.751383274793625 1.2830701922251213
80 10 0.6467207481510814 0.41820210644422384 0.42023535460256445 3.5738336741924286 1.1464855883185183
81 10 0.6663524413286223 0.5952878620066318 0.5847491886026395 3.544328063726425 1.2492578210404934
82 8 0.5333306447233299 0.5936167683714665 0.5835178769592546 3.0459969341754913 0.9962275939920207
83 8 0.5748141242866494 0.49033265477704985 0.48945076640821855 3.194450467824936 1.0502360373011763
84 8 0.6807783792638004 0.5403768750354135 0.5358998106947708 3.2609190344810486 1.3364079560111242
85 8 0.42165007506991026 0.24134335604280927 0.14899315757157672 3.4461670517921448 1.3926489115009495
86 6 0.7322957630304396 0.6280205311117277 0.6332318073865968 2.7280799746513367 1.0786790634587367
87 7 0.4820340231199219 0.6629031028977636 0.6718541026041346 3.2765646874904633 1.3339355032839066
88 7 0.41359372265996525 0.3906400508793033 0.38994128328238165 3.0726771354675293 1.0758796989442647
89 7 0.4849236691966608 0.48702234651948184 0.4861588873288136 2.670606017112732 1.1597917404282723
90 7 0.48082610335857084 0.534231054327284 0.5330044578868667 2.5669243931770325 1.0875394724480454
91 8 0.5239349406445626 0.6383923854292303 0.6389278710960371 3.090567499399185 1.1838177966388377
92 8 0.5295212004150509 0.5757329861717155 0.5635856177617211 3.3849713504314423 1.2771370703168559
93 8 0.49887431815063726 0.5020569645353684 0.5039281640236343 3.0233482718467712 1.2082499029165783
94 9 0.5544623926152106 0.45579619681529426 0.43897353168912984 3.1552112102508545 1.2606053255144385
95 8 0.5040967553503423 0.537105614671351 0.5355445892489186 2.870156943798065 1.0025215225332564
96 10 0.5771720989137247 0.622000613921976 0.6259582281999834 3.4435377717018127 0.9623874957537353
97 7 0.4968334769474812 0.39060495073400403 0.3890223263158695 2.6554998755455017 1.1166735384463504
98 8 0.3967836827051732 0.4940018132235918 0.4910971750455279 3.3988783061504364 1.2165827320354399
99 8 0.4585289867371159 0.5465735021135812 0.5455913723365137 2.9651118218898773 1.4500475835695366
100 7 0.5932530238674577 0.3727392687655784 0.35874976134521547 2.6716268360614777 1.0505833197002894
101 5 0.4962545861256227 0.457746981676387 0.4423905171293377 1.8915150463581085 1.1765748118029553
102 7 0.4055841960339987 0.33842462577206184 0.3183070072600412 2.6046090126037598 1.3014438552796168
103 6 0.5610146402055097 0.5448449381958395 0.5415509999716664 2.268286108970642 1.1621923018828322
104 5 0.5112321190822956 0.6221238130199149 0.6275743180226641 1.9005542695522308 1.1285891396153338
105 6 0.445415584758901 0.49538157460891546 0.49213845366896364 2.3046952188014984 1.2167704046439374
106 8 0.4532266739087428 0.8837656978148788 0.7680151356790814 2.894127368927002 1.110628808279003
107 7 0.6242157753804282 0.5734197398916777 0.5623733866250628 2.7696131765842438 1.350312878572333
108 8 0.653776533970065 0.5755013602455934 0.5632311237691916 2.8924260437488556 1.1153047134732919
109 8 0.40197749331782207 0.5597502678676894 0.5525967222307282 3.019980549812317 1.270702303773215
110 8 0.6648139188304075 0.5038576283033823 0.5047982417709438 2.8682247698307037 1.211420213517781
111 10 0.31644545176995414 0.39771012612172113 0.4111291209138769 3.5860047042369843 1.2098491926252584
112 10 0.5421187254813292 0.6938959024561794 0.6876472304881232 3.6678109169006348 1.2599810197033483
113 9 0.5102071602399262 0.5161121434079968 0.5095835939250929 3.2973590791225433 1.0422820638448898
114 7 0.3902439982479392 0.4888378869351351 0.4879497435937328 2.4472420811653137 1.1790632436575175
115 6 0.6560319322611643 0.6481761113220514 0.6497883431277818 2.2650408148765564 1.067057377059716
116 7 0.3656504537770394 0.4675405852477749 0.4574557670799488 2.528522551059723 1.198180240076547
117 6 0.6631732088389979 0.7081035134084379 0.7177700506222802 2.4740468561649323 1.2640016107896956
118 6 0.3196188025520412 0.7051942218263966 0.7022856154672703 2.6011031568050385 1.1435879949036107
119 7 0.28583031225097244 0.5419181708328069 0.5364238316909269 2.7883245050907135 1.2130838728006281
120 6 0.38143983502335954 0.52481452387543 0.52226870705011 2.4999459087848663 1.154598920400668
121 5 0.6015801023555502 0.3684845470345902 0.3563693356170843 2.277042120695114 1.2404300374398507
122 5 0.7047554103004436 0.39244604829358526 0.39278027844051483 2.012741446495056 1.2322355790237818
123 5 0.5885523487881292 0.5705429593406071 0.5595443226694727 1.9815157055854797 1.1707791511893606
124 5 0.5280510639747557 0.39209014486209687 0.3912091667755265 1.8788920938968658 1.0701749271927383
125 5 0.38366163664617176 0.7046912184597283 0.6942941983631248 1.7448334991931915 1.22191433878196
126 4 0.5014292610463656 0.36815638534460027 0.3556747458690849 1.5795952677726746 1.129613887999792
127 4 0.6056435942135246 0.5278034064230268 0.529144871320707 1.5305940806865692 1.1662061757685673
128 6 0.6833265220771514 0.45801360547854963 0.44279901251738385 2.1501563787460327 1.2908415342056452
129 4 0.49852680676015465 0.5362954021888795 0.533135056082313 1.5074474215507507 1.3398181965797111
130 6 0.6715376606413436 0.5324922778170526 0.5312100998773857 2.278403252363205 1.1688915180350978
131 6 0.4424790889864551 0.397831655995188 0.4138817204228143 2.2593429684638977 1.1257803650632903
132 5 0.5915687338208958 0.3637589330326254 0.35097628746156506 1.9643533527851105 1.0233385877498067
133 5 0.34632798835792034 0.33824651014636176 0.317437052819907 1.8403279781341553 1.2362359854725509
134 5 0.441652489143133 0.34993792804748847 0.3438422597372257 2.3882519006729126 1.0601221196392514
135 5 0.37528362213917105 0.4797882625067502 0.4763220684003547 2.0757556557655334 1.3478294869736651
136 4 0.49329774426298034 0.6502279208921773 0.6595497989953946 1.5493927299976349 1.3341491401033099
137 3 0.5590149226876948 0.316664116830569 0.30450585703416155 1.2082190215587616 1.0085525088392289
138 3 0.5291163961263403 0.32630492543956646 0.3102534847859987 1.2151828110218048 1.251688811537178
139 5 0.524826023135202 0.6387912397705602 0.6389523593309626 1.9271950125694275 1.2229350495606124
140 3 0.47990972394954573 0.4047346598374145 0.4145038068888516 1.3063945472240448 1.3222894959149352
141 3 0.4791914727015859 0.4222897800211364 0.4252925011953303 1.3089953362941742 1.1559553464330512
142 4 0.5297057698754534 0.46227867646413107 0.44992281071353557 1.5724422335624695 1.1874668577749334
143 5 0.5722666254466529 0.48403620281014165 0.4859892453187647 1.7887982428073883 1.2219831294467973
144 5 0.5440172136485877 0.373879353823228 0.37429103702837563 1.8094816207885742 1.143534037179813
145 5 0.5331284697098786 0.6843469847583588 0.6777155280255981 1.9020837545394897 1.2201493286513063
146 5 0.5398195470056978 0.6736570172979566 0.6737134831064915 1.8503300249576569 1.3437912794642868
147 4 0.5572043950748169 0.510152861769832 0.5049422551184155 1.8464297950267792 1.0240602525778
148 3 0.5705431177133745 0.47503105262012263 0.4738284713856522 1.2375106513500214 1.2250009531027262
149 3 0.5959444423534901 0.5018910891936222 0.5026897624253769 1.2564955055713654 1.190779730330009
150 3 0.5833794459821056 0.4722889907369165 0.4629197873877489 1.2883985936641693 1.24254213394001
151 3 0.5032575960478752 0.6666897829438793 0.6719875831235265 1.3129662871360779 1.017063221682452
152 3 0.5065596918221801 0.6148022540034502 0.6098480614075981 1.076012134552002 1.2490723186304111
153 3 0.5294667259281719 0.35744472167092867 0.3455796798037388 1.1898500621318817 1.2122167229785221
154 3 0.5722784137162913 0.6033743209868188 0.5919688705306896 1.088531345129013 1.353110122810799
155 3 0.3127461572268058 0.4998459952382178 0.500589867632834 1.325596421957016 1.2579342812382794
156 3 0.5245747083735002 0.6094871475941275 0.5962169949746827 1.1418545544147491 1.1857163055965767
157 4 0.5673059526109483 0.5222595548672925 0.5195181537459599 1.4639605283737183 1.277442409127722
158 4 0.5372780501708202 0.4787308272947821 0.47477808334673666 1.4649408757686615 1.2909178808844646
159 4 0.4135142813426688 0.5235014538542441 0.5204594722504003 1.323274403810501 1.200400371567783
160 3 0.6608229671490347 0.40770072747376757 0.41907160282465994 1.2276771366596222 1.085085080523229
161 3 0.27406615769588916 0.3500536572788153 0.3444632441169015 0.8869861662387848 1.1466055883395012
162 2 0.6485091163613124 0.48337774234176817 0.48490517800439353 0.8268541693687439 1.3152997834244688
163 2 0.6661061877755907 0.5163475941968831 0.5102779351886849 0.6792589724063873 1.19641912544806
164 3 0.5165535451400206 0.44683901740840437 0.4359117685541492 1.0096386969089508 1.1346669974786332
165 4 0.647638641757603 0.5002998586442865 0.5006933623012274 1.2832835614681244 1.1607332942057171
166 3 0.4890269509284773 0.4979173107503848 0.49532270639210113 1.0985791981220245 1.145891519630558
167 3 0.40612862579288933 0.5980300608767878 0.5858710844201171 0.8255855143070221 1.1937428036145632
168 3 0.6305974952950422 0.4885686199997341 0.4871442247988212 0.9912817776203156 1.1743253348673095
169 4 0.311650000274286 0.49851814233149494 0.4965990974177109 1.19997438788414 1.2970819381895806
170 4 0.4611812186064741 0.3641066117272489 0.3525782316312652 1.4339590668678284 1.269063717113909
171 4 0.5242931414751976 0.709238515163946 0.7321280397387193 1.3415937423706055 1.120106547714322
172 4 0.446704345077726 0.44508120817179975 0.43163461683141385 1.354052722454071 1.2996590570142992
173 6 0.468427975367028 0.3775760926816689 0.38053066040068934 1.7742233872413635 1.3059203636130614
174 4 0.5925592789901206 0.5301871082695281 0.5292035458177573 1.2168922424316406 1.2455448244290517
175 5 0.3365383491973385 0.4582663586014017 0.4430748101607992 1.5274010002613068 1.2899160828995815
176 3 0.3754569216363977 0.4083691625936797 0.4195478295167016 1.039679080247879 1.2388713836323264
177 5 0.4556612246295502 0.6031246557922098 0.5895874558070954 1.6556161940097809 1.0041715190839695
178 5 0.36891471280061383 0.30034782461587706 0.18638908041372065 1.615616261959076 1.1926433065662962
179 3 0.5135102360720832 0.5967675132680362 0.5856618020977425 1.155735045671463 1.3097433645697203
180 4 0.5196471735834697 0.5838954716885911 0.5694478427560823 1.5141755640506744 1.2633211093376981
181 4 0.49796178257556445 0.41502704156221604 0.4196559087680366 1.659476488828659 1.2662954871830647
182 5 0.5229971905721292 0.6884963717808813 0.6838651986019127 1.9611211121082306 1.114246041236225
183 3 0.43377913657234785 0.4935245993462835 0.49069997295796586 1.31679168343544 1.1569185043236838
184 4 0.359878973527463 0.47352450088119424 0.4687964973306701 1.6319460570812225 1.1671697591131662
185 6 0.6387438435902021 0.5872917989091346 0.5753064468772332 2.125937342643738 1.32285203533259
186 6 0.3537414367747641 0.49717221242582815 0.49317090979273126 1.815799206495285 1.3137291473184698
187 4 0.4913724559804602 0.5274069861821261 0.5274122244301598 1.2053519189357758 1.2693253734816827
188 3 0.48840577336640684 0.46958290615350745 0.4605513697928865 0.8579545319080353 1.1814692146950734
189 2 0.4508478552199272 0.5546069331080001 0.5513178213513467 0.7439024746417999 1.0616998464673468
190 3 0.5967297233318112 0.44128216364654715 0.4284443450168726 0.8739522099494934 1.1660162193794117
191 2 0.44931167393103744 0.546821277964736 0.5476848896960411 0.5796453058719635 1.1206337246693692
192 4 0.4967392040241121 0.6623175374749862 0.6684232538400943 1.1278204917907715 0.9785195873337702
193 2 0.3736694610105654 0.511811679860579 0.5068847756619507 0.6743904650211334 1.462650576025049
194 3 0.43503196465952476 0.5422318257582146 0.5376482671380424 0.9609268009662628 1.1932119230145135
195 3 0.4567181898788278 0.4441440757886546 0.4287407543490851 0.8323599994182587 1.1846670889646822
196 2 0.3800198168497784 0.40731780639492965 0.4161841829645121 0.7556090354919434 1.047220639929417
197 2 0.6013299972316515 0.5460431394332935 0.5429969466352367 0.791441798210144 1.180806901437637
198 2 0.5848306326054098 0.6337898150705725 0.6352539597063882 0.5986744165420532 1.2788982601318375
199 1 0.443574723462019 0.5711167883163002 0.561030211642871 0.5024230480194092 1.2257169044465825
