11 7.35184845328331
10 6.9871110916137695
10 6.99385929107666
10 6.982707589864731
9 6.677060276269913
9 6.493280589580536
9 6.54155507683754
9 6.678685218095779
8 6.238252103328705
10 6.874582231044769
9 6.607298165559769
11 7.150315195322037
10 6.907678872346878
9 6.475596994161606
10 6.913900315761566
10 6.786352217197418
13 7.818146169185638
11 7.399521708488464
11 7.543279260396957
10 7.1090008318424225
10 7.315859496593475
11 7.48963525891304
13 8.020047456026077
12 7.606349468231201
14 8.274049639701843
14 8.577090054750443
14 8.799600958824158
14 8.646663010120392
14 8.792101442813873
13 8.388877511024475
13 8.255296766757965
13 8.47228392958641
13 8.383085310459137
13 8.378215849399567
13 8.308972209692001
14 8.680558145046234
15 8.903179317712784
13 8.176752477884293
13 8.161068081855774
14 8.263615518808365
14 7.956597328186035
13 7.882717996835709
12 7.484042018651962
13 7.82069718837738
13 7.920403629541397
12 7.848459243774414
13 8.266044974327087
12 8.053515017032623
13 8.142028540372849
12 7.921959817409515
13 8.300508290529251
14 8.765742033720016
14 8.894817471504211
14 9.217962831258774
15 9.319027185440063
13 8.20564717054367
15 8.734764397144318
16 9.639505922794342
14 8.753536462783813
13 8.106448769569397
13 8.38913032412529
14 8.79514080286026
14 8.447620302438736
14 8.705561190843582
14 8.78364971280098
14 8.799567490816116
16 9.347385913133621
13 8.379848062992096
14 8.574624985456467
15 8.638021767139435
13 8.069853365421295
13 8.509089171886444
14 8.653634250164032
11 7.773996144533157
12 8.012961715459824
14 8.668324083089828
15 8.736748784780502
15 8.885024458169937
14 8.362222492694855
15 8.589445769786835
14 8.494174748659134
13 8.192418277263641
13 8.123133331537247
13 8.210179179906845
14 8.272172689437866
12 7.3222605884075165
12 7.730473905801773
12 7.683026283979416
12 7.3465396463871
13 7.905549377202988
13 8.274724245071411
11 7.660608649253845
11 7.611950367689133
12 7.870428025722504
12 7.841802150011063
11 7.578348726034164
11 7.618535727262497
11 7.54288312792778
11 7.224216967821121
12 7.657628059387207
11 7.481664150953293
11 7.4442232847213745
11 7.303373396396637
11 7.568261414766312
12 7.788333863019943
11 7.530762106180191
10 7.099025726318359
10 7.059880346059799
10 7.094326764345169
10 6.90306493639946
10 7.112224191427231
10 7.018854051828384
10 7.0230109095573425
10 6.6938137114048
11 7.125235468149185
11 6.990948855876923
10 6.506671726703644
10 6.6942278444767
12 7.390322953462601
11 6.978662580251694
10 6.529355585575104
9 5.806831359863281
9 5.932588666677475
8 5.497824043035507
10 6.183944791555405
11 6.3811004757881165
11 6.593501418828964
11 6.472602427005768
10 5.781238615512848
10 5.645672798156738
10 6.35219606757164
11 6.627975136041641
12 7.058506608009338
12 7.002178102731705
13 6.991972088813782
12 7.151159107685089
12 7.154968440532684
11 6.992878764867783
10 6.619144141674042
14 7.533948689699173
11 6.966716051101685
10 6.739709228277206
10 6.542276114225388
11 6.636692523956299
11 6.751228094100952
13 7.271327614784241
11 6.024330288171768
9 5.528969198465347
8 5.369475066661835
10 5.752400189638138
10 6.303570717573166
8 5.309055954217911
8 5.236865669488907
10 5.884072691202164
10 5.947410941123962
10 5.741903156042099
10 5.43268883228302
7 5.051064610481262
9 5.377655655145645
11 5.967314600944519
10 5.9152911603450775
9 5.493340492248535
11 6.202244162559509
10 5.817574560642242
9 5.127050012350082
9 5.443858295679092
7 4.857335388660431
8 5.142223596572876
8 5.404308170080185
7 4.893098831176758
7 5.000946342945099
7 5.114631623029709
9 5.968320518732071
9 5.612453073263168
9 5.827740371227264
8 5.606532484292984
11 6.317063331604004
11 6.547929406166077
10 5.966492086648941
12 6.635025858879089
10 5.6335232853889465
11 6.037607282400131
10 5.624719113111496
11 6.070441961288452
10 5.902723044157028
11 6.1051687598228455
13 6.218646436929703
11 5.88286417722702
10 5.581220716238022
11 5.394793689250946
10 5.118990987539291
10 4.899781107902527
12 6.626059353351593
16 7.552903711795807
12 5.332835018634796
13 5.547210276126862
10 4.917526751756668
11 5.556783080101013
6 3.7612840235233307
7 3.0697505474090576
6 2.5674305260181427
7 3.3268274664878845
6 3.346708834171295
9 4.408811509609222
7 3.4304275810718536
4 2.2390608191490173
7 3.3855236768722534
8 4.013360172510147
6 3.2053516805171967
6 3.490593522787094
7 4.152972370386124
4 2.6624225080013275
5 2.946319490671158
5 2.6357200741767883
5 2.772137612104416
4 2.7146776020526886
5 2.9531745314598083
6 3.5786987245082855
8 3.9662832617759705
8 4.224063187837601
6 3.244689017534256
8 3.8986053466796875
8 4.556516736745834
7 4.085715413093567
7 4.721787393093109
8 5.408616989850998
8 4.660510569810867
6 4.073538213968277
7 4.659347057342529
8 4.946687489748001
7 4.970143288373947
7 4.928561598062515
6 4.463458210229874
6 4.479498237371445
6 4.440090537071228
9 5.678079515695572
9 6.0759866535663605
8 5.726995557546616
9 5.8946020901203156
8 5.1271902322769165
8 5.276957541704178
8 5.382650315761566
7 5.242072761058807
7 5.2785860896110535
7 4.986248880624771
7 4.798271834850311
7 4.820087045431137
6 4.610139757394791
7 5.024743288755417
8 5.6801320016384125
7 5.0429710149765015
7 5.401090681552887
7 5.119341135025024
8 5.131740182638168
8 5.092114865779877
10 5.838010400533676
8 5.073202878236771
10 5.942314922809601
9 5.497103154659271
9 5.479702353477478
8 5.003058761358261
6 4.275450706481934
6 4.321490824222565
7 4.884443402290344
8 5.113996386528015
8 5.3717944622039795
10 6.576283186674118
9 6.255624532699585
9 6.091609060764313
9 6.10125258564949
10 6.600281864404678
8 5.912021338939667
7 5.442854195833206
8 5.975201219320297
8 6.181304544210434
9 6.215801984071732
10 6.74399721622467
9 6.646720260381699
10 6.733966886997223
9 6.824466407299042
10 7.008736580610275
9 6.243568301200867
10 6.684594005346298
10 6.896314263343811
11 6.8205001056194305
9 6.099495321512222
13 7.421917676925659
14 7.766461282968521
10 6.431669056415558
10 6.377534925937653
15 8.138299465179443
12 7.306244939565659
13 7.772140830755234
12 7.534993946552277
11 7.1865169405937195
10 7.035183638334274
13 8.17359983921051
11 7.627757281064987
14 8.524051696062088
16 9.598912984132767
14 8.65084832906723
12 8.007903039455414
12 8.065225392580032
13 8.130396574735641
13 8.371361374855042
15 9.27736720442772
13 8.809997588396072
13 8.643905729055405
13 8.801983892917633
13 8.465829968452454
13 7.96387180685997
14 8.001971989870071
13 8.116204142570496
13 8.529268711805344
11 7.131176978349686
12 7.5729135274887085
11 7.502550154924393
11 7.776560038328171
11 7.6512269377708435
11 7.78124725818634
10 7.15423521399498
11 7.188926577568054
11 7.188995867967606
10 7.0341713428497314
11 7.030896335840225
9 6.600710332393646
11 7.337987512350082
11 7.415952891111374
10 7.3228743970394135
10 7.744619309902191
10 7.727774649858475
11 8.059202998876572
12 8.274223268032074
12 8.131120383739471
12 8.071741551160812
13 7.831356585025787
12 7.386186957359314
14 8.40272507071495
12 7.919578462839127
11 7.726003050804138
12 7.992241531610489
12 7.906292766332626
13 8.14212554693222
14 8.528459519147873
12 7.542628884315491
12 7.6634383499622345
13 8.51422894001007
13 8.651919811964035
13 8.94788482785225
12 8.373676359653473
15 9.065033346414566
14 9.228462547063828
14 8.919181495904922
13 8.763403117656708
13 8.704275101423264
14 9.080017805099487
12 8.599298298358917
13 8.577277272939682
13 8.712057292461395
12 8.357232481241226
13 8.712306559085846
13 8.618838280439377
12 8.5343878865242
13 8.975226372480392
13 8.725455909967422
12 8.160991966724396
12 8.242804735898972
12 8.024790048599243
13 8.550941467285156
14 9.145570516586304
12 8.437948197126389
13 9.06306192278862
12 8.207136452198029
12 7.984413027763367
13 8.172754108905792
12 8.247830212116241
12 8.498007029294968
12 8.517349302768707
12 8.396936535835266
12 8.686785876750946
12 8.360859155654907
12 8.172037571668625
13 7.885642319917679
13 8.16365522146225
13 8.126098990440369
13 7.778061866760254
13 8.290059179067612
13 8.186080247163773
13 8.211091101169586
14 8.259216099977493
13 7.858397871255875
12 7.4531750082969666
13 7.658684313297272
13 8.240792214870453
14 8.107421487569809
13 8.006365984678268
11 7.247480988502502
15 7.994982421398163
14 7.792029649019241
12 6.923036903142929
13 7.1916404366493225
13 7.1689519584178925
14 7.686987459659576
15 8.215462446212769
15 8.082631319761276
14 8.016646414995193
13 7.853219389915466
13 7.608042359352112
12 6.992211729288101
13 7.4712885320186615
15 8.308096319437027
13 7.71505069732666
13 7.927400767803192
12 7.317134737968445
12 6.898369938135147
13 7.140081077814102
13 7.394709289073944
14 7.992260456085205
14 7.957354307174683
13 7.821431636810303
13 7.5143192410469055
12 7.159664690494537
13 7.311825811862946
13 7.402895987033844
12 7.339672833681107
12 7.406165301799774
11 7.241474211215973
14 7.897574424743652
14 8.185798853635788
15 8.682152926921844
13 8.176801532506943
14 8.264122039079666
13 7.751319736242294
11 7.5179948806762695
11 7.341698944568634
12 7.7745689153671265
13 7.846333742141724
12 7.581170737743378
13 7.684093236923218
13 7.884467273950577
12 7.543330430984497
10 6.770958691835403
10 6.576579302549362
11 6.810108691453934
12 7.420871078968048
15 8.21043574810028
12 7.505707502365112
11 7.302909195423126
12 7.541041046380997
13 7.77748367190361
11 7.332543313503265
12 7.723274111747742
10 7.183290600776672
11 7.411416441202164
12 7.6986192762851715
10 7.399782747030258
12 7.946496486663818
13 8.337368726730347
14 8.780083954334259
11 7.764999359846115
12 8.24629831314087
14 8.943117946386337
13 8.561438769102097
13 8.129952073097229
11 7.459380239248276
14 8.278234541416168
12 7.9003311693668365
12 7.977707743644714
11 7.788839876651764
13 8.208528339862823
12 7.941828608512878
11 7.706323087215424
12 7.947768479585648
11 7.622019827365875
11 7.645482510328293
11 7.825973331928253
12 8.327618777751923
11 8.008841842412949
11 7.969908833503723
13 8.72640085220337
15 9.229549914598465
15 8.873551934957504
15 8.949850678443909
17 9.857784271240234
16 9.621739387512207
16 9.810651272535324
15 9.443961679935455
17 9.947473615407944
17 10.053119570016861
14 9.14486026763916
14 8.996611386537552
15 9.262394964694977
15 9.336313992738724
13 8.600361675024033
14 9.016810357570648
14 8.992224752902985
14 9.055686593055725
13 8.544837951660156
15 9.56635370850563
12 7.66062468290329
12 7.574082434177399
12 7.415954887866974
13 7.977595388889313
12 7.727874308824539
12 7.840188503265381
12 7.79471418261528
10 7.052581429481506
10 6.9928750693798065
12 7.536594212055206
14 8.360081225633621
11 7.2696748077869415
10 7.063818126916885
10 6.847224950790405
10 6.764804631471634
10 6.89215886592865
12 7.52806630730629
12 7.674323797225952
12 7.518575459718704
12 7.523532509803772
10 6.872297406196594
10 6.860571205615997
11 7.067965477705002
10 6.873002529144287
11 7.097879409790039
11 7.103402495384216
11 7.131210833787918
11 7.149751752614975
12 7.23271581530571
11 7.0912114679813385
11 7.197459280490875
11 6.990222632884979
10 6.708683669567108
11 7.114221006631851
10 6.861939609050751
10 6.773774594068527
10 6.742748737335205
10 6.676308989524841
10 6.73175448179245
10 6.91082563996315
10 6.771344244480133
11 7.18003436923027
11 7.289260178804398
11 7.1466690599918365
12 7.514287114143372
11 7.220354050397873
11 7.336148619651794
11 7.180626809597015
13 7.86380410194397
13 7.849527299404144
13 7.8773790299892426
13 7.706295073032379
12 7.21751081943512
12 7.417822450399399
11 6.897703379392624
11 6.962486922740936
10 6.63655886054039
11 6.9375375509262085
10 6.667863070964813
11 6.756246775388718
11 6.476141482591629
11 6.320552825927734
12 6.8698039054870605
12 6.954708486795425
13 7.388022422790527
13 7.6914578676223755
11 6.974785685539246
11 7.051850974559784
14 7.562444418668747
13 7.069947510957718
12 7.070886105298996
12 7.321586787700653
14 8.054121017456055
14 8.005564391613007
13 8.433283925056458
14 9.038602501153946
15 9.287341505289078
16 9.367551445960999
16 9.195954889059067
16 9.308188378810883
16 9.334574908018112
16 9.545730531215668
16 9.45701465010643
15 9.05329567193985
16 9.398543238639832
16 9.574901282787323
17 10.277313619852066
16 10.261959940195084
17 10.184934228658676
17 10.271830707788467
16 9.573866128921509
17 9.632701009511948
16 9.634966522455215
15 9.3706214427948
16 10.213265925645828
17 10.296629667282104
17 10.014013141393661
17 9.943450927734375
16 10.113622039556503
16 9.771533131599426
16 9.963248461484909
16 10.13424438238144
16 9.892900943756104
15 9.823225438594818
17 10.584454327821732
16 10.277169734239578
16 9.998925626277924
17 9.950578480958939
17 10.100251913070679
16 10.072064191102982
17 10.4129139482975
17 10.807563841342926
18 10.821691423654556
17 10.038446336984634
17 10.070504695177078
15 9.651215136051178
16 9.592680901288986
16 9.720359027385712
17 10.32963702082634
17 10.66617238521576
17 10.700171828269958
18 11.14215499162674
18 10.977760940790176
18 11.179761111736298
18 10.946519434452057
18 11.297458589076996
17 10.689945459365845
18 11.03069081902504
17 10.53708878159523
17 10.681287497282028
17 10.653895288705826
18 11.198044329881668
17 10.642194628715515
17 10.772239536046982
17 10.753862768411636
17 10.644009590148926
17 10.337453335523605
17 10.694658279418945
17 10.653249114751816
17 10.374072462320328
17 10.38373538851738
18 10.626517295837402
18 10.34501364827156
17 10.281467109918594
17 10.062611758708954
17 10.398569405078888
17 10.5021852850914
17 10.52854335308075
18 10.744289249181747
18 10.651171714067459
19 11.157616704702377
18 10.970517128705978
18 10.72750934958458
17 10.32824993133545
19 10.928502589464188
18 10.483522027730942
18 10.575475662946701
19 10.944948196411133
18 10.573608100414276
17 10.450396955013275
19 10.936762690544128
18 10.797608226537704
18 10.962875813245773
18 11.010717302560806
18 10.58766394853592
17 10.1389779150486
17 10.492405325174332
16 10.056103378534317
17 10.336839526891708
16 9.66213008761406
16 9.352458149194717
19 10.141990274190903
19 9.970728933811188
19 10.429176926612854
19 10.56210008263588
18 10.1530222594738
17 9.72565945982933
18 9.804934084415436
17 9.923606663942337
18 10.490749150514603
18 10.042053669691086
17 9.764163464307785
17 9.63340899348259
17 9.580491065979004
18 10.369225949048996
18 10.07046827673912
17 10.101187378168106
18 10.274277329444885
18 10.354665607213974
18 10.780794888734818
16 9.565151542425156
16 9.906831622123718
16 10.215649545192719
16 10.497829973697662
16 10.28615015745163
17 9.769099831581116
17 9.893618404865265
15 9.056472957134247
18 9.9838205575943
17 9.49116399884224
19 10.559281170368195
15 9.09156996011734
16 9.37209865450859
14 8.324647188186646
15 8.063715606927872
15 8.69394662976265
17 10.27238380908966
16 9.502683192491531
19 10.127464264631271
18 10.39229068160057
18 10.431285500526428
19 10.910195082426071
20 10.98604467511177
21 11.624328911304474
21 11.159843444824219
19 10.636657118797302
18 10.76205825805664
18 11.158398687839508
20 11.786423414945602
19 11.414037019014359
19 11.474082857370377
19 11.426915645599365
18 10.15064924955368
17 9.964737176895142
19 11.397840708494186
17 10.782217890024185
21 11.747304052114487
20 11.830631613731384
22 12.305384188890457
19 10.470015943050385
17 9.845299273729324
20 11.244362384080887
17 10.099586457014084
19 11.159148097038269
18 11.465012043714523
18 10.961550801992416
20 12.037499189376831
20 12.200760871171951
18 11.416810005903244
19 11.732637763023376
19 11.465261340141296
19 11.486481040716171
19 10.981007039546967
21 11.596335023641586
20 11.353790014982224
20 11.145580768585205
20 11.2912158370018
21 11.171359956264496
18 9.870296448469162
17 9.001027137041092
18 9.504767835140228
17 9.381786227226257
16 9.084453791379929
18 9.524774968624115
17 9.168686479330063
16 9.208970487117767
17 9.634384959936142
15 8.800215721130371
15 8.969478279352188
14 8.896889507770538
15 9.086100071668625
16 9.101184993982315
17 9.505267202854156
17 9.494535714387894
16 9.395032525062561
17 10.016424298286438
17 9.508114606142044
17 9.491934925317764
17 9.554496556520462
16 8.837110847234726
17 8.887106209993362
17 8.995761901140213
15 8.620606571435928
16 8.897875338792801
15 8.323231220245361
16 9.114927977323532
18 9.595139890909195
16 9.358770549297333
17 9.104971796274185
16 8.714944690465927
16 8.713201761245728
18 9.907729625701904
18 9.750981271266937
19 10.313641965389252
16 9.27629816532135
16 8.449753880500793
15 7.71129697561264
15 8.286138594150543
17 8.322879016399384
15 7.532302886247635
15 7.155255705118179
15 7.481640547513962
14 7.256570369005203
15 7.558633923530579
15 7.438716411590576
16 8.1925567984581
15 7.9788322150707245
14 7.255157977342606
16 7.818551748991013
16 8.080643773078918
16 8.195410549640656
15 7.667164742946625
17 8.079928278923035
16 7.561447352170944
16 7.820807218551636
17 8.05713164806366
16 8.283715784549713
18 8.936769723892212
17 7.985541611909866
15 7.508220821619034
16 8.161229223012924
17 8.665140837430954
18 9.006924480199814
21 10.011826634407043
21 10.581379473209381
22 10.84447357058525
24 11.749247401952744
19 9.820587545633316
18 8.874445378780365
21 9.980258226394653
22 10.33035558462143
20 9.636047840118408
22 10.19917318224907
23 11.671027839183807
24 11.554920673370361
20 9.735770046710968
18 8.967070996761322
19 9.456109583377838
23 11.13363966345787
21 11.164387315511703
22 11.221904665231705
22 10.578584015369415
22 10.288459181785583
20 9.975284099578857
19 9.565829485654831
21 10.342163473367691
22 10.610987782478333
21 10.439983308315277
24 12.283405482769012
23 11.83772924542427
20 10.669561177492142
20 10.671162188053131
21 11.060838550329208
19 10.552520185709
19 11.108500391244888
19 10.508938759565353
21 11.465461075305939
20 10.783388525247574
18 10.685878932476044
18 10.855294942855835
17 9.857363224029541
17 9.954331934452057
17 9.829488009214401
17 10.22502788901329
18 9.91417270898819
17 9.249779343605042
18 9.807060182094574
16 9.515295326709747
16 9.603164851665497
17 9.839697629213333
17 10.156090080738068
17 10.097909331321716
17 10.13076937198639
17 9.437796473503113
15 8.729863375425339
15 9.032049238681793
16 9.242171168327332
15 9.043535143136978
14 8.244296938180923
15 8.641217917203903
16 9.23506486415863
18 10.149277240037918
17 9.72310745716095
16 9.02491807937622
15 8.732321560382843
14 7.92256897687912
14 7.9915110766887665
17 9.45758792757988
16 8.941874086856842
17 9.171253889799118
19 9.701251178979874
18 9.24098852276802
19 9.82521140575409
22 10.97487011551857
20 9.99828439950943
18 9.686085820198059
19 9.96262064576149
17 9.065557420253754
16 8.83164581656456
18 8.927160680294037
18 8.886981427669525
18 9.122548788785934
17 8.943838059902191
17 7.969757467508316
15 7.276334345340729
3 2.018530011177063
3 2.3075234293937683
3 2.240451991558075
4 2.4521762430667877
3 2.0499691367149353
4 2.3970288038253784
4 2.4661124646663666
5 2.7578555047512054
5 3.021527647972107
4 2.5495170652866364
4 2.4880948960781097
4 2.348706752061844
4 2.2855707705020905
5 2.4249360859394073
5 2.4348953664302826
4 2.1549237072467804
5 2.512230724096298
5 2.515309363603592
4 2.3286570608615875
4 2.1553304195404053
5 2.428899198770523
4 2.093191146850586
4 2.1265260577201843
4 2.1113892197608948
4 2.0033805668354034
4 2.083196461200714
3 1.6952657997608185
4 2.2482779026031494
4 2.2449125349521637
3 1.9090940654277802
3 1.8385647535324097
3 1.8092434108257294
4 2.1355058550834656
3 1.9347602128982544
3 1.9210050702095032
3 1.85648575425148
3 1.960152119398117
