0.3438532975292418 0.35563828203564196
0.36618314640934635 0.36346459296214517
0.37528278188355013 0.3687645701471154
0.37812502626482686 0.3699060314121896
0.3788847989508708 0.3764143928476925
0.38935145067073323 0.37921253297785606
0.3918391409135866 0.38853440275697126
0.39439182144174556 0.38876410113587684
0.4058460753070981 0.3901531027337506
0.4062023632656262 0.39186645396109754
0.4063607281179711 0.39711946206925497
0.4065514176858695 0.3994471548491717
0.41428017366568193 0.40003982336720545
0.41673251637175324 0.40289434792998424
0.41763016644968454 0.406176469967174
0.41969246229940926 0.4114012191117521
0.4271712090567812 0.4134171435696918
0.4280843748580796 0.4149188674016282
0.4291497014312466 0.41557279182131024
0.42935384105886903 0.41565391186698164
0.4327875508044504 0.4156745317482117
0.4329686534444299 0.41725476840147907
0.43455160912332247 0.4187838090909691
0.4365690516398616 0.4189770085145754
0.43684885054178857 0.4194887568422179
0.43832630832334946 0.42039065581376156
0.4410056515266396 0.4213820081889061
0.4412954404031715 0.4279338734077859
0.44372631702131504 0.42880992176166294
0.4437653944976511 0.4294102171878593
0.44520677907711637 0.4297509171721643
0.44554458781127415 0.4307278769316803
0.44592707883384974 0.43083044823729144
0.44635093452789487 0.432987864977939
0.44648071990021876 0.4347229771903509
0.4467656212705228 0.4353121805536979
0.4487999753683705 0.43585661722021046
0.4488570262375963 0.43816985146928167
0.4490013438584457 0.43817927091001174
0.44954041801727485 0.43849651863269296
0.44998085771190655 0.4408493505362742
0.45122210645896255 0.4416576777566844
0.45135409332732396 0.44220706500046614
0.4514228389322981 0.44429690740725664
0.45368779980577956 0.4474199821485054
0.45643739706450054 0.4476411643544702
0.4569702819492398 0.4477999285784552
0.45753479098836436 0.448401234046226
0.4576601883606753 0.44898080267672225
0.4578186919205243 0.44905643741355733
0.4579804966256247 0.44930484065753756
0.4581071054199331 0.4496509635226616
0.45823062743209514 0.45027759289366204
0.4582774634016352 0.4520926839379756
0.4583078982337353 0.4526544016971254
0.45927972499505376 0.4527561951926107
0.4608014739084618 0.45299257024873796
0.4609465991456249 0.4535977245417228
0.4613326370262401 0.4541108366639482
0.4623417019283402 0.45568485173074225
0.46247403047040614 0.45580576575544285
0.46306871284003814 0.4564808185351829
0.4640302646606507 0.4574361193093468
0.4647710757147004 0.4590834098639429
0.4651793776300664 0.45965794435255714
0.4659559853073993 0.459676724829689
0.4663911265274687 0.4621291488104743
0.4665888050952701 0.4626724902021019
0.46695895529195525 0.4634941605167208
0.4671008382106225 0.4639472105842133
0.4672780327511011 0.46403134318827394
0.46828771613147446 0.4644717989535717
0.4684174202198131 0.46502560934532433
0.46949486237765153 0.46585619043355925
0.47141681900932786 0.46599887976503096
0.47274739977947966 0.4693522165689015
0.47295659577359284 0.47001019733319493
0.47317640201580063 0.4705356179171354
0.47319970395196603 0.4707173398631435
0.4732400241745508 0.4707233771821222
0.47334933925749906 0.4727429674013181
0.4743751385171095 0.47277507811648795
0.474389930571286 0.4734201163163398
0.4744789108163533 0.4735215547346578
0.4751577433292158 0.4738646661131806
0.4752275774404794 0.47525388969904175
0.4758720812635706 0.4767045902215736
0.47661932159662873 0.4771883328249821
0.47768243201074 0.4776924632513845
0.47782267428338315 0.47811310471229573
0.47841542734140247 0.47879460890405856
0.4791060460618744 0.47993022094671145
0.4797274496230073 0.4803059134749785
0.47982709713817573 0.48115260470149657
0.48048806138759736 0.4816099285982332
0.48063315880621066 0.4819517635117246
0.4812918640417397 0.48206432743399813
0.48136671361897265 0.48220345323997743
0.4825794102622732 0.4852940186503088
0.48353399530668145 0.48531221464861846
0.48398685928257973 0.48612243134579847
0.4841143869441681 0.4862177260260543
0.48450519183622665 0.4870688844893391
0.48469465524769023 0.48730538392064016
0.48589399976732256 0.48751402629302565
0.4872614169932297 0.48764797395875475
0.48781908362000015 0.48784425174130086
0.489252827589215 0.48805986460184114
0.4895487149006261 0.48879549620872603
0.49018566423674376 0.4892715356417772
0.4902576440106755 0.4895194224129818
0.49131349473973057 0.4897490497756207
0.4921202482667668 0.49029293846125455
0.4922258591167115 0.4907692254095739
0.4924995769922908 0.4910467367080398
0.4925412140399388 0.4914417805565518
0.4931561024753447 0.49154343204304657
0.49317392493748474 0.49213940227742287
0.4932152622414775 0.4921623537995211
0.49356280497099725 0.49224017614584176
0.49380684604037883 0.4922835420318798
0.4941371795438459 0.4924246660187687
0.4942210525243835 0.4929007627492352
0.494354609344075 0.49366073508665903
0.49442121413950624 0.49394030567663283
0.4946212382905345 0.494012623789639
0.49487167909521135 0.4943801036698213
0.49494415403406317 0.49474072022401727
0.49554379276168375 0.49483982605879845
0.4959165411501252 0.4953460885960968
0.49617659982793455 0.49633687552825684
0.49773915156382603 0.4970181039341963
0.4977659767764581 0.49767349070140116
0.497794149048627 0.4981434455548599
0.4978248016851361 0.4981657326764459
0.49873250427289617 0.498340211477434
0.4988742921759055 0.4983617778320227
0.4994971222488858 0.49844693034077076
0.5011137958281372 0.4986981984546526
0.5013201077806387 0.49932322480378705
0.5013911885329311 0.4993905006179032
0.5015504190883961 0.49973967698472843
0.5017793178770545 0.4998348276709359
0.5029870720960086 0.49991965450270653
0.5029975631344062 0.5006352669933877
0.503881586188887 0.5009660863916582
0.5042249443469592 0.5010610892019558
0.5046874271824167 0.5011145113332426
0.5050470093077137 0.5011396096994281
0.5050884695031628 0.5015720872127251
0.5050993082334873 0.5019433665788774
0.5055095872182337 0.5028848831706577
0.5058737065325541 0.5031531574619382
0.5062605356684989 0.503590915488755
0.5065783693027986 0.5036581997384193
0.5068395700706216 0.5037174873102982
0.5070388787349157 0.5038294136722656
0.5077181164825222 0.5040309362028075
0.5079398923208578 0.5041132028058223
0.5092005852229875 0.5045219010605544
0.5099231985660043 0.5047130607508169
0.5099578995030443 0.5053831565510201
0.5115595401284493 0.5058001019999118
0.5127134834549077 0.5059487912475289
0.5130358987888984 0.5061510638829573
0.513053308582948 0.5061723184268238
0.5137675137396904 0.5072405845792842
0.5141172329711281 0.5073457617370042
0.5144662624586561 0.5081828288435983
0.5154928285749804 0.5089863013637126
0.5158346530865006 0.5101556802158914
0.5162540671465989 0.5103159929602576
0.5165559980914824 0.5105130459385019
0.5171530233211532 0.5106458183536879
0.5173658117663744 0.5107685855639785
0.5177300521008698 0.5107687634161028
0.5182955804304993 0.5107835183811881
0.5185181308185411 0.5108421072855123
0.5187365967561269 0.511479231393728
0.5187837234882614 0.5122731694437984
0.5199905614930971 0.5126057020676619
0.5201580007824187 0.513606668953486
0.5213689532973473 0.514009176478983
0.5216209407431128 0.5147321810089488
0.5220834870568035 0.5157686665115283
0.5222696125757221 0.5157812266615561
0.5231855892500024 0.5158041724825935
0.5242031261042863 0.5159407235896298
0.5249000772157415 0.5161115386466939
0.5255333760114224 0.5164271683209468
0.5257384850175569 0.5164907938331416
0.5259906001707583 0.5165884943122664
0.5261974772623134 0.5167530707982932
0.526538033847374 0.5173350366416704
0.526606030765647 0.5176780212487598
0.5266606000862406 0.5185336596609522
0.5267879362155581 0.5188926918586887
0.5270225772742355 0.5200479821210837
0.5271855187223287 0.5213504643077536
0.5273413840607608 0.5215821098516447
0.527398541831945 0.5216696076007813
0.5274287668236078 0.5220377338308579
0.5275415109217474 0.5221426244971591
0.5275426602585432 0.5222600928201977
0.5278066729071866 0.5223053074607041
0.5278629393597907 0.523245768416486
0.5284533508601186 0.5238782585438393
0.5285406921050665 0.5241300945089505
0.5287797837804996 0.5246528991463255
0.5293323876556679 0.5248557021127552
0.5296870432563193 0.5260719640039159
0.5306652958594046 0.5265050822727533
0.5310142971810927 0.5267220354695453
0.5312305413365529 0.5271807290305355
0.5318856116923285 0.528300832738576
0.5323785447410412 0.5287379478306512
0.5325224944205562 0.5287404890197374
0.5333069395420327 0.5297327418299648
0.5334537409092692 0.5298100369904453
0.5334997849755102 0.5299876707883147
0.5348269172259641 0.5304375698300284
0.53518981980279 0.5305682250098342
0.5354203395863452 0.531627637788096
0.5355612874952036 0.5318485732298127
0.5359141145213371 0.5328680617459475
0.5364623486989792 0.5332417096938944
0.5365672466278607 0.5334711276414803
0.5370288486182176 0.5346990823323248
0.537072611170489 0.5352461439783943
0.5371190585534731 0.5354876800997177
0.5387620452457467 0.5362376908079081
0.5398009475290464 0.5369313050155448
0.5403395134439667 0.5371079636530675
0.5408916718042165 0.5374261941200383
0.541017771869433 0.5381188157810463
0.5414586392403952 0.5382301089656312
0.5414758477137688 0.5385792109622352
0.5427038421789883 0.5387001897918722
0.5432094244784083 0.5388043705189999
0.5442498179292057 0.5390552791144558
0.5442802991562833 0.5392750172380533
0.5444292658600755 0.5392820493135673
0.5447489162172932 0.5393280400991927
0.546502330392073 0.5407590945932237
0.5466906790307754 0.5412225290667105
0.5477173026623784 0.5413608716018086
0.5479204133705176 0.541583358490066
0.5485799200838287 0.5416468565178687
0.5492360830457892 0.5423121495567019
0.5493518352514422 0.5424575940594885
0.5494147077250346 0.545126245164234
0.5494726563928677 0.545155424383578
0.5504207021320543 0.5454304822646516
0.5504269820466596 0.5486556737291579
0.5505754469668849 0.5495717342416125
0.5512900908452882 0.5495793964110749
0.5518359657748627 0.5500134340526541
0.5521477296822497 0.550150262200176
0.552468305383 0.5504310930090077
0.552491757157792 0.5524500878014079
0.5526095276670848 0.552616232622928
0.5534233229512393 0.5526646074246564
0.5547779637012733 0.5533100327176442
0.5551786760488534 0.5534767602832543
0.556054615765293 0.5571031755637237
0.5563161997016369 0.5584639309462229
0.5564992526072465 0.5587326298483968
0.5571003817820374 0.5599297675644059
0.5571551316456246 0.5607894341926176
0.5583982844313158 0.5607923818428492
0.5588334823270218 0.5609601118788303
0.5590133095784844 0.5613600812966326
0.5610256036322664 0.5619594908864031
0.5626706754836746 0.5627542313795214
0.5645357493671888 0.5630011988551272
0.5654575484500038 0.5631156148076881
0.5659920598041636 0.56397113055613
0.5661781927575693 0.565736483495366
0.5670081851770986 0.5667348913775714
0.5672389241330378 0.5671833619698764
0.5674888228251045 0.5677452279804177
0.5676296702220764 0.567962479270487
0.5676445446684586 0.5681575481432783
0.5677640419463197 0.5684296889208937
0.5689292464631163 0.5725538984114087
0.5693379474678758 0.5744543908247548
0.5714137198118318 0.5768675829543786
0.5727689514263261 0.5785261951223764
0.5905951929432731 0.580663432962926
0.5949336976546923 0.5827551355515258
0.5979444739942605 0.5850436148871927
0.5996198137144442 0.5857855339957654
0.6061049847079806 0.5949336289933711
0.6065128663138782 0.5972999900426846
0.6081785568877685 0.6005571924812568
0.6158029389795945 0.609760549075248
0.6191309702157046 0.6113578006810586
0.6204770679568219 0.6247931199179677
0.6294387965536746 0.6329818030268488
0.6397909443145537 0.6357257851799782
