136 80 12 11 11 31 25
144 100 9 10 10 37 21
133 100 7 14 14 37 24
193 40 13 10 9 14 24
12 160 9 9 9 79 25
64 60 11 10 10 22 22
11 120 12 14 14 64 27
50 140 8 13 13 60 27
166 60 10 7 7 22 24
180 80 7 11 11 31 20
107 140 11 14 14 56 24
122 100 10 13 13 41 24
119 140 7 12 12 56 24
158 80 14 10 9 30 21
54 160 14 10 10 61 24
139 100 7 11 11 39 27
77 180 9 8 8 71 21
198 40 11 11 11 12 25
123 100 10 10 9 40 26
0 140 12 14 14 70 21
15 160 10 8 8 81 23
33 100 11 10 10 43 23
174 80 13 10 9 25 26
14 180 13 12 12 89 22
149 60 11 11 11 26 23
23 100 14 15 15 49 25
5 120 10 10 10 68 26
159 80 9 8 8 27 27
169 80 14 11 11 24 22
16 100 14 9 9 59 26
120 120 10 11 11 50 27
117 120 8 12 12 50 22
132 100 9 8 7 40 26
82 160 9 18 16 61 25
31 100 11 8 8 42 25
127 80 10 11 11 31 24
162 40 10 7 7 17 22
37 160 11 13 12 64 22
187 80 14 11 11 25 24
24 140 11 9 9 61 22
98 160 14 9 9 68 23
25 100 7 12 12 47 25
94 180 7 9 9 64 23
190 60 10 10 10 18 21
2 120 8 11 11 68 23
59 160 13 12 12 50 25
86 120 12 9 9 55 25
75 160 12 10 10 58 28
176 60 13 8 7 21 22
72 180 7 9 9 67 25
111 200 6 11 11 72 22
124 100 9 11 11 38 26
8 160 10 7 6 81 23
55 180 7 11 11 65 24
22 140 11 10 10 60 21
163 40 15 13 13 14 27
143 100 10 7 7 36 24
167 60 9 10 10 17 28
131 120 13 8 8 46 25
18 120 7 13 12 65 25
85 160 10 10 9 69 25
52 80 10 9 9 41 21
108 160 11 8 9 58 24
191 40 11 13 13 12 25
93 160 13 13 13 61 22
79 200 13 9 9 76 24
172 80 12 12 12 28 26
171 80 6 12 12 27 25
97 140 11 11 11 54 27
40 120 10 10 10 52 20
156 60 10 13 13 23 24
43 140 10 8 9 64 25
153 60 9 10 10 24 22
194 60 12 9 9 20 23
101 100 13 12 12 38 23
89 140 12 11 11 54 26
45 140 16 10 9 67 25
78 200 11 13 13 78 23
38 100 12 10 10 44 25
128 120 11 10 10 44 27
182 100 9 13 13 40 25
170 80 11 10 9 29 23
92 160 9 12 12 68 23
96 200 6 10 10 69 23
164 60 8 7 7 21 25
84 160 12 11 11 66 22
9 140 11 15 15 74 24
13 160 8 10 10 77 26
155 60 10 11 11 27 22
53 120 9 12 12 50 25
73 140 9 7 7 51 25
65 120 10 10 10 44 22
49 120 14 7 7 53 22
121 100 9 12 12 46 24
29 100 11 7 4 46 22
103 120 10 12 12 46 23
195 60 7 12 12 17 26
109 160 12 10 10 61 26
51 120 8 8 8 51 20
102 140 8 11 11 53 25
106 160 11 11 11 58 20
112 200 10 14 14 74 20
19 120 10 11 11 67 26
129 80 12 12 12 31 26
35 160 10 9 9 66 24
197 40 8 12 12 16 24
126 80 12 11 11 32 26
48 120 11 12 12 56 24
183 60 11 13 12 27 25
63 80 7 10 10 32 23
1 120 12 10 9 67 27
118 120 11 8 8 53 23
39 120 11 7 7 50 23
76 140 9 11 11 54 26
179 60 8 10 10 24 27
157 80 14 10 10 30 27
67 140 12 13 13 49 24
47 140 7 11 11 62 27
173 120 11 11 11 36 24
148 60 13 11 11 25 28
61 120 8 7 6 38 21
30 120 10 9 9 51 24
135 100 12 12 12 42 23
161 60 11 11 11 18 27
91 160 13 14 14 62 27
115 120 9 8 8 46 22
66 120 7 10 10 43 25
199 20 14 8 8 11 23
6 120 11 12 12 69 30
145 100 9 11 11 39 26
80 200 10 12 12 72 23
58 100 9 5 3 38 23
165 80 11 13 13 26 21
168 60 10 7 7 20 24
70 180 10 11 11 64 30
189 40 9 10 10 15 24
44 140 10 12 12 62 23
147 80 6 8 8 37 28
28 100 11 13 12 43 26
160 60 11 7 7 25 24
41 120 7 11 11 58 24
88 140 14 10 10 62 24
42 160 9 14 14 65 24
130 120 10 10 10 46 26
17 120 15 16 15 66 24
150 60 7 13 12 26 26
21 120 7 8 8 66 22
110 160 9 11 11 58 23
10 120 11 11 11 67 27
99 160 8 9 9 60 23
27 100 8 10 10 51 28
46 140 10 10 10 66 23
154 60 9 10 10 22 22
87 140 12 10 11 66 25
90 140 13 10 10 52 27
57 140 15 9 9 50 24
146 100 10 9 9 38 27
113 180 13 10 10 66 24
185 120 10 13 13 43 24
196 40 10 11 11 16 24
69 140 13 14 14 48 25
125 100 11 14 14 35 23
36 140 14 15 15 55 26
60 100 11 10 10 32 25
4 120 11 8 8 68 28
141 60 14 9 9 27 25
104 100 11 10 10 39 24
100 140 10 13 13 54 23
3 120 11 11 11 69 29
140 60 9 7 7 27 21
138 60 8 11 11 25 23
137 60 10 13 13 25 24
71 180 11 8 8 63 25
32 140 12 9 9 56 27
175 100 15 8 8 31 27
142 80 9 8 9 32 26
34 140 8 11 11 62 26
95 160 10 11 11 58 26
188 60 11 8 8 18 25
177 100 10 14 14 34 26
74 140 9 8 8 48 25
81 200 13 10 9 71 26
68 120 14 11 11 39 24
7 160 11 11 11 80 23
56 160 8 15 15 62 25
186 120 8 13 13 37 25
178 100 9 11 11 33 24
151 60 12 8 8 27 23
114 140 13 10 9 49 24
116 140 11 10 10 51 26
181 80 11 12 12 34 24
192 80 12 9 9 23 25
105 120 9 10 10 47 26
152 60 12 15 14 22 25
20 120 9 9 9 63 26
26 120 9 9 9 53 25
83 160 13 12 12 64 27
184 80 15 11 12 33 25
62 100 10 9 9 34 27
134 100 12 8 7 48 26
