6 3.613639682531357 0.118 4936976
6 3.7933756709098816 0.143 5053064
6 3.8612966537475586 0.135 5056504
5 3.6378349661827087 0.128 5045208
5 3.4927112460136414 0.134 4998648
6 3.8306779861450195 0.126 5077456
6 3.822244495153427 0.115 4995912
6 4.037460267543793 0.105 5056144
6 4.039460211992264 0.103 5069232
5 3.9078089892864227 0.14 5083328
6 4.255917191505432 0.136 5000864
6 4.2927069664001465 0.137 5104120
6 3.89868825674057 0.137 5103088
6 4.114450931549072 0.141 5160224
6 4.1830489337444305 0.112 5033504
6 4.171190947294235 0.134 5126544
6 4.4622107446193695 0.1 5080904
6 4.507127285003662 0.114 5108320
5 4.370423913002014 0.129 5017128
6 4.699185401201248 0.133 5096400
6 4.656263709068298 0.129 5054216
7 3.4026888012886047 0.138 5278680
5 2.348861426115036 0.116 5418552
6 2.8752864003181458 0.132 5525352
6 3.041687399148941 0.136 5402600
8 3.9233882129192352 0.138 5454352
8 3.555214375257492 0.105 5399736
8 3.651797980070114 0.133 5402008
8 3.6848292350769043 0.138 5215472
8 3.6848292350769043 0.138 5215472
10 4.462025016546249 0.123 5264784
10 4.317207455635071 0.108 5384376
8 3.5407694876194 0.142 5356488
8 3.9975956082344055 0.111 5375928
7 3.7485284507274628 0.133 5358504
10 4.353110283613205 0.137 5417384
8 3.703735888004303 0.113 5387712
11 4.657784938812256 0.147 5443984
9 4.3045836091041565 0.133 5441432
9 4.423663228750229 0.138 5426232
6 3.5711189210414886 0.119 5423080
5 3.0971902906894684 0.112 5483608
5 2.874946504831314 0.133 5405360
5 3.2088217735290527 0.137 5492088
6 3.420885145664215 0.1 5479968
7 3.965016692876816 0.139 5470992
9 4.712427467107773 0.13 5452704
6 4.023433059453964 0.105 5511072
6 3.7417904138565063 0.119 5427584
6 3.539514809846878 0.102 5511584
6 3.7691342532634735 0.136 5480952
5 3.222075790166855 0.103 5477552
6 3.837566554546356 0.138 5459248
6 3.679842531681061 0.139 5505448
6 3.7475098073482513 0.133 5427976
6 3.6754637956619263 0.134 5493472
5 3.107848137617111 0.139 5467752
4 2.5560941994190216 0.137 5466440
6 3.349564015865326 0.111 5468056
7 3.7091259360313416 0.151 5231344
8 3.747995525598526 0.122 5356536
7 3.5647872984409332 0.106 5403352
5 3.0669705867767334 0.116 5406080
4 2.6482160687446594 0.136 5395848
5 2.9215428829193115 0.131 5401504
5 2.8863587081432343 0.124 5423552
5 2.7028730511665344 0.162 5366112
5 3.1635820269584656 0.109 5418880
6 3.308558702468872 0.104 5393888
5 3.108990639448166 0.131 5404272
5 3.1508870720863342 0.134 5373896
4 2.6905848383903503 0.155 5447912
6 3.302510619163513 0.101 5365336
5 3.268030881881714 0.116 5431528
5 2.8129215836524963 0.109 5403752
5 2.868424266576767 0.139 5415992
6 3.1399775743484497 0.114 5375336
6 2.9165786802768707 0.101 5442592
7 3.389307379722595 0.104 5374168
5 2.621151953935623 0.134 5438608
6 2.664623200893402 0.136 5415128
6 2.7593278288841248 0.138 5422400
7 3.187466114759445 0.133 5419288
7 3.069414496421814 0.135 5453080
5 2.75870543718338 0.108 5389984
4 2.2887963354587555 0.132 5454248
4 2.15758553147316 0.133 5413544
6 2.649373859167099 0.102 5425768
7 3.014842063188553 0.133 5418360
7 2.76252281665802 0.151 5188440
4 1.8754506707191467 0.105 5281704
5 2.2934486865997314 0.1 5398400
6 2.537299156188965 0.14 5329256
6 2.4451923072338104 0.141 5421456
6 2.451993465423584 0.112 5334656
5 2.2894308269023895 0.134 5420112
5 2.201675295829773 0.118 5398984
4 1.9490698277950287 0.117 5403320
5 2.3404757380485535 0.141 5395056
4 1.645650953054428 0.108 5463768
3 1.3505931198596954 0.111 5424392
2 0.8902285993099213 0.117 5505568
4 1.565496563911438 0.136 5412360
5 2.034461796283722 0.138 5499032
4 1.7977600991725922 0.135 5450320
4 2.004759192466736 0.14 5469344
5 2.0664352774620056 0.113 5408112
5 2.224571645259857 0.115 5481824
5 2.2752674520015717 0.106 5376216
6 2.6951450407505035 0.103 5483672
4 2.2032341361045837 0.141 5421632
5 2.4028917849063873 0.113 5445184
5 2.671371281147003 0.131 5399896
6 2.672779381275177 0.137 5459320
5 2.8856911957263947 0.111 5392744
4 2.190815716981888 0.113 5466400
4 2.129616439342499 0.11 5430088
5 2.766558140516281 0.137 5439344
5 2.565945565700531 0.113 5455032
5 2.7360840141773224 0.119 5162680
5 2.9360656440258026 0.109 5354136
7 3.1634607911109924 0.15 5365192
5 2.472651481628418 0.141 5369584
4 1.899283230304718 0.139 5371608
4 1.817845493555069 0.123 5379312
5 2.1453270316123962 0.113 5414096
6 2.5016549825668335 0.141 5369096
5 2.286507785320282 0.136 5405032
3 1.559340387582779 0.137 5397776
6 2.550826996564865 0.11 5673416
6 2.3218929171562195 0.147 5596088
4 1.8156147599220276 0.143 5731248
6 2.4065176248550415 0.101 5617040
6 2.438571184873581 0.136 5688368
3 1.4887877404689789 0.134 5616144
3 1.4207173585891724 0.134 5631504
5 2.3782259821891785 0.139 5574096
5 2.1010321974754333 0.129 5640632
5 2.337809443473816 0.106 5536992
4 2.18702495098114 0.109 5621344
5 2.3351016342639923 0.137 5563096
3 1.7128353714942932 0.133 5595736
3 1.574954330921173 0.11 5546168
4 1.848994642496109 0.099 5606664
4 1.9620516002178192 0.132 5499920
4 2.4139112532138824 0.102 5609040
4 2.508468508720398 0.139 5541152
3 1.6722517311573029 0.138 5569832
5 2.5855780839920044 0.137 5554080
3 1.7613160610198975 0.142 5363856
3 1.781182050704956 0.109 5456928
2 1.4580559730529785 0.12 5531064
3 1.9551178216934204 0.143 5484304
2 1.442974030971527 0.111 5501848
3 1.8773587346076965 0.136 5495768
3 1.721184492111206 0.137 5511208
3 1.7254997789859772 0.146 5511888
3 1.7771040201187134 0.134 5529688
3 1.4800576865673065 0.106 5526504
3 1.3356157839298248 0.144 5533552
3 1.5598638355731964 0.132 5548552
3 1.3783964216709137 0.122 5549744
0 0.0 0.105 5570832
3 0.9965595602989197 0.107 5559432
3 1.449062168598175 0.12 5585416
4 1.3386647701263428 0.107 5575464
4 1.466900885105133 0.105 5590336
3 1.100199669599533 0.106 5611520
4 1.4105417430400848 0.138 5599112
5 1.935648888349533 0.137 5656000
3 1.4155914187431335 0.135 5651096
3 1.365583598613739 0.143 5633456
3 1.2893995344638824 0.135 5596104
2 0.9847968220710754 0.132 5624512
3 1.5174983143806458 0.14 5577808
3 1.1422213912010193 0.102 5631880
4 1.6543932557106018 0.113 5601992
6 2.240122079849243 0.135 5568056
4 1.4035197496414185 0.136 5542176
3 1.052753984928131 0.151 5301408
3 1.5841074883937836 0.11 5457624
3 1.3941771686077118 0.111 5496784
3 1.6440754234790802 0.108 5513648
2 1.2775433659553528 0.108 5517368
2 1.1518832743167877 0.108 5530488
3 1.4168010354042053 0.143 5536072
4 1.4330255091190338 0.113 5550432
2 0.5467349588871002 0.134 5564680
1 0.3878592848777771 0.116 5591880
1 0.31133410334587097 0.135 5609896
2 0.6187915802001953 0.137 5597104
3 1.048209935426712 0.142 5606296
2 0.6206098794937134 0.134 5581176
3 1.0773705840110779 0.105 5580384
3 1.0383550524711609 0.145 5574632
3 0.8647506535053253 0.107 5531952
0 0.0 0.137 5553408
0 0.0 0.135 5542256
1 0.3181353509426117 0.109 5550752
1 0.3804919421672821 0.113 5576440
2 0.5332479774951935 0.13 5596176
1 0.303324431180954 0.143 5623936
0 0.0 0.13 5613672
0 0.0 0.135 5628072
0 0.0 0.104 5628264
1 0.28990253806114197 0.132 5659272
0 0.0 0.108 5641704
0 0.0 0.146 5657008
0 0.0 0.11 5687152
2 0.6520655751228333 0.141 5416992
1 0.26902613043785095 0.131 5565240
1 0.31124842166900635 0.117 5599496
0 0.0 0.135 5601272
0 0.0 0.131 5629592
1 0.27249574661254883 0.143 5637800
1 0.42160600423812866 0.122 5673832
1 0.27221161127090454 0.109 5643056
1 0.27109116315841675 0.104 5671240
1 0.3142625689506531 0.106 5623144
1 0.5137965083122253 0.15 5654064
1 0.5059851408004761 0.12 5625752
1 0.5096228718757629 0.146 5661464
2 1.1597846150398254 0.119 5597728
3 1.6300039887428284 0.113 5660240
4 1.7519440352916718 0.104 5590576
3 1.4564440548419952 0.139 5624360
4 1.607531875371933 0.132 5582736
4 1.826099157333374 0.11 5621952
5 2.290750950574875 0.11 5568288
4 2.0514067709445953 0.112 5591584
5 2.199014037847519 0.106 5566640
5 2.448575586080551 0.14 5554840
3 2.0974972546100616 0.127 5547824
3 2.0512470304965973 0.103 5541952
5 2.818112075328827 0.136 5491896
3 2.299874037504196 0.109 5563808
3 2.1393513679504395 0.105 5529528
2 1.7584116458892822 0.102 5547992
2 1.658231794834137 0.134 5537560
3 2.067023515701294 0.138 5308568
3 1.9684338867664337 0.116 5429288
4 2.2248666882514954 0.104 5491600
3 2.0088808238506317 0.133 5488936
4 2.546530932188034 0.142 5480528
5 2.916165828704834 0.141 5491576
4 2.444307267665863 0.109 5510176
5 2.987953633069992 0.108 5452152
5 3.061784714460373 0.142 5495504
4 2.3758718371391296 0.112 5451856
5 3.1845100224018097 0.111 5451224
6 3.453371375799179 0.131 5432168
6 3.0751850605010986 0.138 5434904
5 3.312520682811737 0.141 5416792
5 2.7916351556777954 0.126 5408280
4 2.334978312253952 0.104 5392888
7 3.1828554272651672 0.116 5363528
3 2.3576372265815735 0.105 5370816
4 2.8590663969516754 0.139 5386248
4 2.960919201374054 0.136 5380136
4 2.9400136470794678 0.123 5403904
3 2.625847101211548 0.135 5391976
5 3.1346210539340973 0.102 5396296
5 3.34171199798584 0.105 5375408
6 3.570985823869705 0.154 5437552
6 3.4327749013900757 0.138 5357344
5 2.8215878903865814 0.111 5418792
6 3.262212485074997 0.105 5361904
6 3.4305249452590942 0.117 5395240
6 3.4240554571151733 0.138 5366040
6 3.7404347360134125 0.15 5109408
6 4.157537132501602 0.146 5183664
6 4.1063070595264435 0.104 5249064
4 3.4018884897232056 0.114 5164288
5 3.516234427690506 0.106 5207848
7 3.660959929227829 0.107 5155960
8 4.376067727804184 0.14 5234040
8 4.608071982860565 0.114 5153224
7 4.3661633133888245 0.105 5237872
6 4.03595295548439 0.135 5141040
7 4.160961925983429 0.133 5227984
8 5.044021874666214 0.141 5122048
7 4.202278167009354 0.116 5189536
8 4.640171468257904 0.104 5048672
7 4.299916684627533 0.099 5104976
6 3.7199147641658783 0.138 5022904
9 4.661241233348846 0.139 5067472
8 4.349722862243652 0.106 4988840
8 4.555507868528366 0.133 4990840
7 4.108689397573471 0.114 4936776
7 4.248096257448196 0.136 5468984
6 3.702461689710617 0.133 5408968
6 3.5405900180339813 0.135 5467024
8 4.106693416833878 0.106 5383632
6 3.702590435743332 0.135 5374064
6 3.5304039120674133 0.117 5316992
7 4.258509129285812 0.108 5300648
9 4.957601547241211 0.115 5281032
7 4.174832910299301 0.124 5293328
8 4.574098140001297 0.137 5283728
5 3.505979835987091 0.148 4989752
6 3.472355753183365 0.118 5090200
8 4.136335760354996 0.108 5149800
7 3.9558180272579193 0.13 5127136
10 5.2450670301914215 0.11 5144632
9 5.294288069009781 0.136 5119536
9 5.004935652017593 0.138 5198696
8 4.333708703517914 0.111 5103280
10 4.936998873949051 0.107 5193672
10 4.923141360282898 0.112 5181808
8 4.524574100971222 0.113 5190416
6 3.961923986673355 0.104 5196824
7 3.888428747653961 0.143 5188224
7 4.695266872644424 0.104 5172296
7 4.422134220600128 0.128 5158592
7 4.73731729388237 0.109 5193224
8 5.2889582216739655 0.116 5191936
8 5.329839289188385 0.11 5211672
7 5.1034358739852905 0.108 5282592
8 5.540575057268143 0.112 5220184
8 5.046614229679108 0.106 5317472
7 4.7892663180828094 0.109 5330464
7 4.497975707054138 0.107 5332760
7 4.554427534341812 0.108 5309576
7 4.629670649766922 0.112 5391768
5 4.018870502710342 0.153 5311944
7 4.699063390493393 0.14 5375832
7 4.885197639465332 0.122 5344264
7 4.603128910064697 0.105 5358160
10 6.123595416545868 0.111 5351336
9 5.151911795139313 0.147 5084992
10 5.440478593111038 0.132 5173704
9 5.120642811059952 0.116 5267976
9 5.4324634075164795 0.112 5249520
8 5.04882949590683 0.106 5260864
9 5.442136585712433 0.11 5224736
10 6.0042232275009155 0.101 5321096
10 5.856676757335663 0.114 5240872
9 5.394978195428848 0.102 5315688
9 5.428847551345825 0.147 5304464
8 5.21622309088707 0.115 5308704
7 5.315949380397797 0.136 5274448
6 4.680271863937378 0.107 5338176
8 5.328782856464386 0.109 5256776
8 5.421350747346878 0.107 5325176
9 5.8236284255981445 0.145 5296848
7 5.328391045331955 0.14 5305224
7 5.139386624097824 0.105 5262424
9 5.508568346500397 0.146 5343496
12 6.892452269792557 0.111 5239688
12 6.997156053781509 0.115 5339088
11 6.68458166718483 0.114 5300520
10 6.295803010463715 0.103 5319936
9 5.968834668397903 0.137 5286144
10 5.695200562477112 0.141 5359592
10 6.019158244132996 0.14 5272056
8 5.592719703912735 0.134 5340784
9 5.931606948375702 0.104 5303808
10 6.266076892614365 0.16 5302880
10 6.191979736089706 0.139 5289464
9 5.3992898762226105 0.149 5015120
9 5.01157933473587 0.11 5105792
9 5.143369555473328 0.111 5207384
7 4.481103450059891 0.109 5184656
7 4.301450461149216 0.118 5181048
9 4.856662034988403 0.117 5122768
8 4.4420633018016815 0.147 5218152
10 5.342550814151764 0.14 5137256
10 5.26641508936882 0.145 5213696
9 5.351142346858978 0.11 5183656
8 4.416624516248703 0.112 5210936
9 5.01799663901329 0.113 5191672
10 5.471259236335754 0.134 5238576
10 5.42010098695755 0.111 5166792
10 5.544106185436249 0.116 5234232
11 5.125221878290176 0.115 5216752
8 4.183101207017899 0.118 5202056
8 4.456948786973953 0.11 5191360
8 4.794546186923981 0.16 5242136
10 4.7591641545295715 0.111 5173392
9 5.0433668196201324 0.112 5235320
9 4.984106123447418 0.11 5194392
10 5.283350586891174 0.106 5212448
8 4.911379873752594 0.109 5182360
11 5.287670344114304 0.137 5251328
10 5.213544547557831 0.109 5189696
11 5.622553765773773 0.103 5251224
11 5.673666030168533 0.134 5223968
11 5.49270960688591 0.11 5227072
12 6.04577299952507 0.132 5212496
11 5.4857876896858215 0.136 4953776
11 5.979516565799713 0.128 5107560
12 5.928323268890381 0.111 5166272
11 5.846160352230072 0.134 5144928
13 6.082365572452545 0.133 5152512
12 5.926323235034943 0.108 5111208
9 5.6051144897937775 0.138 5169296
11 5.818278819322586 0.116 5079848
11 5.856283962726593 0.137 5137344
11 6.523840457201004 0.103 5138856
10 5.617415279150009 0.145 5148688
9 5.175866782665253 0.141 5128920
9 4.746294587850571 0.144 5195408
11 5.575296461582184 0.113 5120184
10 5.227131545543671 0.145 5201912
11 5.391616135835648 0.14 5145584
11 5.271126478910446 0.139 5188264
11 5.138123065233231 0.136 5181248
10 4.675131976604462 0.105 5198816
10 4.6882763504981995 0.118 5187256
12 5.243095368146896 0.136 5185624
10 5.120235174894333 0.133 5151864
10 4.912548094987869 0.139 5236552
12 5.59746128320694 0.131 5151936
11 5.171541184186935 0.134 5211616
11 5.313219755887985 0.14 5200752
10 5.084808945655823 0.138 5208544
9 4.4019816517829895 0.136 5207824
11 5.4167715311050415 0.106 5217352
7 4.277437657117844 0.103 5216576
9 4.648386597633362 0.145 4983576
10 4.9480262994766235 0.105 5064664
7 4.003749281167984 0.146 5172592
9 4.683349639177322 0.121 5150976
9 4.724199950695038 0.154 5147656
9 4.690020382404327 0.104 5103248
13 5.938114792108536 0.103 5178400
11 5.647231638431549 0.111 5109632
10 5.082347214221954 0.121 5138608
10 5.1526238322258 0.134 5128584
11 5.933458715677261 0.138 5143440
10 5.43483629822731 0.128 5125344
11 5.870144993066788 0.125 5192288
10 5.750088483095169 0.141 5162104
8 5.330936789512634 0.104 5217992
9 5.47566220164299 0.114 5203832
8 5.052527755498886 0.104 5221792
7 4.5613700449466705 0.132 5219344
9 5.464537858963013 0.135 5279840
8 4.9390062391757965 0.134 5206568
9 5.062220275402069 0.158 5314856
9 5.296285063028336 0.116 5208424
9 4.765290528535843 0.124 5295656
9 4.959461122751236 0.118 5242472
9 5.479155391454697 0.143 5273248
8 5.206676214933395 0.136 5214048
9 5.822290629148483 0.135 5270232
9 5.822960287332535 0.106 5208992
8 5.61400431394577 0.106 5259752
10 6.001597702503204 0.106 5253120
9 5.898702770471573 0.123 5395192
9 5.108543574810028 0.113 5522360
10 5.42179998755455 0.116 5519016
11 5.636042475700378 0.107 5484872
11 6.079852223396301 0.103 5486408
12 6.5910115242004395 0.143 5430960
10 6.091144561767578 0.106 5506504
11 6.462863236665726 0.137 5404456
10 6.158758699893951 0.115 5486336
9 5.608624368906021 0.117 5467144
8 5.130233466625214 0.146 5463712
9 5.547599226236343 0.122 5395792
10 6.300992071628571 0.137 5485200
9 5.541986256837845 0.145 5412328
8 5.751033753156662 0.136 5451240
9 6.209702372550964 0.119 5435432
9 6.439021676778793 0.137 5418528
10 6.0265723168849945 0.115 5386288
9 6.299783766269684 0.105 5464792
8 5.439887851476669 0.107 5378872
9 5.701906114816666 0.109 5436544
8 5.494477778673172 0.108 5392472
9 5.763658106327057 0.136 5416552
9 5.217355787754059 0.138 5368280
10 5.432333707809448 0.118 5443224
10 5.665738046169281 0.133 5353344
9 5.439688593149185 0.115 5432192
9 5.575443387031555 0.13 5393016
10 5.640889078378677 0.139 5399440
9 4.793379753828049 0.108 5389904
9 4.9114397168159485 0.119 5202640
10 5.404955208301544 0.147 5310424
10 5.348278135061264 0.136 5382952
10 4.97050154209137 0.107 5339712
9 5.104540258646011 0.11 5348168
10 5.618751168251038 0.118 5303176
10 5.4430816769599915 0.114 5384008
11 6.121492177248001 0.139 5285040
12 6.314511090517044 0.154 5359072
12 6.308073878288269 0.142 5320272
9 5.322449177503586 0.133 5344344
11 5.889733642339706 0.119 5299136
12 6.257909893989563 0.139 5381128
12 6.0482217669487 0.139 5296856
12 5.788047283887863 0.112 5360992
12 5.854529231786728 0.135 5339464
13 6.110289216041565 0.135 5346224
12 5.478004455566406 0.117 5319848
11 5.47553014755249 0.108 5344944
9 4.615325480699539 0.14 4468920
8 4.240129142999649 0.112 4207584
8 4.230637490749359 0.138 4285856
8 4.183926939964294 0.108 4376952
8 4.248021304607391 0.114 4319496
6 3.72822242975235 0.141 4384416
7 4.1027098298072815 0.137 4406088
7 4.244264662265778 0.135 4426016
7 3.960688292980194 0.143 4392824
7 3.814379870891571 0.137 4478680
8 4.046689510345459 0.133 4452864
10 4.903549015522003 0.13 4176328
7 3.912614941596985 0.113 4311088
7 3.947520911693573 0.124 4330184
8 4.292052268981934 0.113 4340136
10 4.577771931886673 0.145 4416160
9 4.870170503854752 0.106 4373456
8 4.357299268245697 0.108 4431112
9 4.90197417140007 0.141 4411128
8 4.214481979608536 0.162 4443128
8 4.190536975860596 0.109 4432608
7 3.967037320137024 0.141 4481504
8 4.300591021776199 0.138 4443048
8 4.14718770980835 0.142 4517400
8 4.329295724630356 0.134 4504464
7 3.9174971878528595 0.118 4541224
7 3.5024887323379517 0.106 4524600
6 3.5640212297439575 0.109 4591688
7 3.854522466659546 0.149 4513096
7 3.666962116956711 0.137 4591296
8 4.0824315547943115 0.134 4549152
7 3.801310509443283 0.137 4598736
7 3.8778843581676483 0.115 4544128
8 4.136125981807709 0.137 4617160
6 3.586655408143997 0.137 4548840
6 3.7300113439559937 0.135 4605296
6 3.720151036977768 0.13 4553936
6 3.678351193666458 0.132 4594304
7 3.9333004355430603 0.134 4544160
6 3.605187773704529 0.137 4618288
6 3.441443622112274 0.14 4595976
7 3.866873651742935 0.148 4212600
7 4.172684282064438 0.108 4364904
7 3.777559131383896 0.109 4404784
7 3.7976245284080505 0.113 4388936
7 3.7972636818885803 0.154 4461096
8 4.395932346582413 0.142 4426744
9 4.389032423496246 0.146 4482776
8 4.089706778526306 0.104 4448768
7 3.822057843208313 0.134 4476728
8 4.118741065263748 0.117 4456496
8 4.100855499505997 0.146 4501656
7 3.818906247615814 0.141 4453336
7 3.8839252591133118 0.139 4518216
7 3.9868114590644836 0.138 4444968
6 3.7065698504447937 0.103 4512472
6 3.941455125808716 0.118 4455112
6 3.758630394935608 0.116 4510928
8 4.395264804363251 0.111 4449280
7 4.296863883733749 0.104 4523168
7 4.308029115200043 0.145 4440008
8 4.123013585805893 0.102 4508424
9 4.62628448009491 0.138 4456032
7 3.9969200491905212 0.112 4485528
7 4.178272187709808 0.114 4407400
8 5.031726509332657 0.136 4482472
8 4.698838949203491 0.145 4408024
10 5.170349597930908 0.139 4466064
8 4.618421733379364 0.137 4409024
8 4.537551671266556 0.104 4440752
7 4.3789408802986145 0.106 4441264
8 4.236787974834442 0.143 4031112
7 4.3543394804000854 0.134 4183088
8 4.215840429067612 0.115 4233112
8 4.645294100046158 0.112 4301664
7 4.323504835367203 0.109 4302240
7 4.072826862335205 0.108 4341272
10 4.6318168342113495 0.139 4372592
7 4.068490087985992 0.143 4414160
6 3.3182829320430756 0.115 4416584
10 5.434288740158081 0.121 4430408
10 4.915284126996994 0.143 4495400
9 4.776008367538452 0.142 4426592
9 4.51064196228981 0.143 4475872
9 4.716788440942764 0.141 4465528
11 5.593353867530823 0.112 4485672
11 5.060050576925278 0.135 4455344
10 5.334177702665329 0.106 4492304
11 6.0332741141319275 0.106 4433280
10 5.945904761552811 0.124 4500984
10 5.522214889526367 0.105 4465840
9 5.301466912031174 0.11 4494272
10 5.566353350877762 0.12 4437000
9 5.271855145692825 0.134 4522304
9 5.061677992343903 0.104 4442128
10 5.248867720365524 0.141 4503152
10 5.447864264249802 0.139 4448536
9 5.007102847099304 0.11 4471936
10 5.398103475570679 0.112 4409520
9 5.271577954292297 0.138 4472704
8 4.6113360822200775 0.135 4459896
9 5.277069419622421 0.113 4048240
8 5.042152225971222 0.14 4235872
8 5.153311163187027 0.139 4277864
8 5.0528059005737305 0.11 4281216
9 5.470062643289566 0.105 4303376
10 5.648229390382767 0.103 4295896
8 5.22590184211731 0.106 4375552
9 5.565699219703674 0.144 4341416
8 5.42499566078186 0.11 4390080
8 5.5098011791706085 0.112 4377192
9 5.940734088420868 0.105 4590736
9 5.863763064146042 0.107 4532304
9 5.815337121486664 0.139 4603144
9 5.721208453178406 0.136 4543080
10 5.9018256068229675 0.101 4572800
10 6.098474472761154 0.146 4507240
10 5.880364000797272 0.139 4604176
8 5.033304065465927 0.107 4496792
8 4.919453918933868 0.136 4588368
7 4.818150222301483 0.148 4549064
8 4.794558733701706 0.131 4585944
8 5.061442404985428 0.137 4502744
7 4.811450183391571 0.147 4603512
8 5.182851880788803 0.108 4516696
8 4.854054659605026 0.134 4585152
9 5.061847299337387 0.106 4539240
10 5.645125389099121 0.141 4582528
12 6.048250257968903 0.141 4511176
9 5.051417231559753 0.116 4591504
9 4.973392724990845 0.133 4589976
7 4.234235227108002 0.123 4149136
8 4.494559079408646 0.111 4361824
8 4.533363103866577 0.143 4364432
10 4.861217975616455 0.105 4369208
11 5.203468680381775 0.14 4425816
9 5.0072687566280365 0.102 4396704
9 4.986182481050491 0.142 4445376
10 5.450257569551468 0.137 4434720
11 6.032913416624069 0.114 4468352
13 6.737201243638992 0.138 4436336
12 6.909027844667435 0.121 4492544
13 6.94523224234581 0.121 4432192
14 7.030372321605682 0.126 4496752
14 7.214070737361908 0.11 4484744
14 7.1892810463905334 0.148 4505832
13 7.154070734977722 0.113 4474696
10 6.351704716682434 0.14 4553376
13 7.343502998352051 0.133 4512880
10 6.519101232290268 0.121 4567608
13 7.35301285982132 0.139 4542656
13 7.326459378004074 0.124 4569104
14 7.55328905582428 0.135 4538616
14 7.73813408613205 0.111 4631792
12 7.306171923875809 0.145 4591712
12 7.35118767619133 0.136 4631568
11 7.31137490272522 0.142 4624816
13 7.793473601341248 0.115 4664248
11 6.870566815137863 0.102 4659824
13 7.24660661816597 0.138 4730160
10 6.314091503620148 0.107 4713632
10 5.963167250156403 0.146 4349992
13 7.048012793064117 0.138 4584640
11 6.227555632591248 0.141 4575680
11 6.5570158660411835 0.115 4596840
9 5.729161739349365 0.144 4619832
9 5.780643194913864 0.149 4630584
9 5.745500832796097 0.107 4657256
12 6.659070909023285 0.116 4685056
10 5.926046252250671 0.141 4684224
13 7.169819682836533 0.111 4709712
13 7.1071198880672455 0.145 4704744
13 7.348358899354935 0.111 4699504
13 7.484423041343689 0.136 4729736
12 7.528693377971649 0.113 4701648
12 7.273003369569778 0.139 4732872
11 7.244069278240204 0.112 4700672
13 8.15283989906311 0.121 4703328
11 7.230071067810059 0.124 4641896
12 7.279006689786911 0.131 4710088
12 7.203748524188995 0.132 4643400
12 7.010441988706589 0.138 4698528
12 7.079944401979446 0.137 4656576
13 7.595882713794708 0.104 4667216
14 7.898467034101486 0.14 4636776
14 7.542652398347855 0.11 4614520
13 7.479499638080597 0.148 4556120
14 7.3488068878650665 0.113 4560136
14 7.492873936891556 0.115 4480968
16 8.68275362253189 0.116 4528456
11 6.866956353187561 0.134 4491536
14 7.154968410730362 0.15 4032200
12 6.040436416864395 0.145 4233472
15 6.522597253322601 0.112 4235944
15 6.628751784563065 0.111 4239840
14 6.613427579402924 0.106 4238280
15 7.884848028421402 0.149 4254152
15 7.403012812137604 0.134 4264664
12 6.033022791147232 0.106 4275112
10 5.930129677057266 0.147 4330528
10 5.846043229103088 0.11 4285992
11 5.728364825248718 0.11 4342496
11 5.7904253005981445 0.137 4319392
14 7.100115329027176 0.114 4392240
15 7.418160766363144 0.108 4334336
11 6.012370020151138 0.117 4379128
11 6.520768046379089 0.12 4333000
13 6.974649548530579 0.12 4363696
15 7.605213940143585 0.114 4344992
14 7.108128160238266 0.113 4384280
14 7.538465768098831 0.118 4346688
15 7.773218899965286 0.137 4391992
15 7.639397829771042 0.146 4340192
16 7.773084610700607 0.134 4398352
14 6.411368370056152 0.13 4302680
16 7.292709439992905 0.139 4362976
14 6.658798515796661 0.136 4333048
16 7.381107449531555 0.129 4389976
15 7.315011888742447 0.101 4354528
15 7.2811358869075775 0.14 4475368
14 7.441236644983292 0.135 4488968
12 6.168473601341248 0.151 3995704
10 5.291924089193344 0.149 4245888
10 5.326951652765274 0.11 4251912
11 5.710914731025696 0.135 4299280
10 5.4581142365932465 0.124 4327368
11 5.010262370109558 0.139 4362232
12 5.946164309978485 0.144 4384952
11 5.605453342199326 0.109 4450688
13 6.13129061460495 0.133 4458024
14 6.485289692878723 0.142 4501656
13 6.843319743871689 0.111 4539392
13 7.242350220680237 0.109 4524296
13 6.634367525577545 0.121 4569224
11 5.734692484140396 0.141 4610608
12 5.918618828058243 0.138 4634480
11 5.967859923839569 0.149 4610952
11 5.900479704141617 0.115 4696768
12 6.126496523618698 0.121 4669440
10 4.858583629131317 0.115 4755432
8 4.205695629119873 0.134 4800816
12 5.694306969642639 0.116 4827048
10 5.192128241062164 0.109 4851000
12 5.949061542749405 0.139 4943656
11 6.006542921066284 0.134 4869400
10 5.705613195896149 0.134 4933248
11 5.500865697860718 0.135 4951488
11 5.7344309985637665 0.103 4998672
13 6.273458689451218 0.14 4980512
12 6.14558470249176 0.14 5050416
11 5.632308334112167 0.128 4702896
11 5.632308334112167 0.147 4702896
10 4.979666471481323 0.14 4957528
9 4.42877271771431 0.104 4921360
10 4.754300534725189 0.117 4950776
12 5.555605441331863 0.117 4996624
7 3.8151347637176514 0.143 5010992
9 4.325411289930344 0.107 5058656
11 5.054032355546951 0.143 5077488
13 5.87217977643013 0.114 5051136
12 5.89078351855278 0.132 5064824
13 6.124046117067337 0.137 5097376
13 6.5024793446063995 0.111 5036416
13 7.118117034435272 0.113 5086384
13 6.6300691068172455 0.153 5102680
12 5.758170127868652 0.109 5092496
12 5.295276999473572 0.138 5052384
12 5.28194335103035 0.135 5115728
12 5.073113828897476 0.11 5068640
11 4.673159152269363 0.108 5099632
11 4.73821747303009 0.154 5083640
10 4.06760185956955 0.112 5173296
10 4.2697712779045105 0.111 5144352
8 3.5800544023513794 0.103 5183184
11 4.563529908657074 0.117 5049064
12 4.722546100616455 0.142 5047152
12 5.117568016052246 0.11 4964120
9 3.7273218035697937 0.103 4976464
11 4.795635282993317 0.112 4906584
13 5.937339514493942 0.11 4873000
9 4.448427617549896 0.109 4506552
10 5.116373747587204 0.146 4643904
10 4.925832241773605 0.15 4650496
10 4.692118465900421 0.123 4677384
10 4.359034359455109 0.133 4658008
10 4.378202557563782 0.114 4660792
9 3.843033492565155 0.138 4653776
12 5.374963223934174 0.12 4662672
10 4.926970481872559 0.111 4683184
9 4.77128729224205 0.152 4663896
11 5.110246330499649 0.133 4698184
9 4.810014009475708 0.143 4682616
10 4.77841579914093 0.119 4711536
12 6.068172335624695 0.109 4746968
11 5.840049386024475 0.143 4759856
11 5.298166424036026 0.136 4749624
13 5.910653859376907 0.143 4756056
11 5.39077153801918 0.105 4725296
11 5.4596350491046906 0.113 4732360
12 5.975490093231201 0.149 4734520
12 5.601782202720642 0.14 4784880
11 4.79122918844223 0.143 4799256
14 5.37828454375267 0.126 4838728
10 4.675468057394028 0.106 4788472
11 5.113834202289581 0.136 4846456
13 5.117489993572235 0.149 4798800
10 4.100435584783554 0.144 4835584
10 4.133344650268555 0.117 4848016
10 4.231113940477371 0.11 4889992
9 4.0381068885326385 0.125 4946736
12 5.109453022480011 0.122 4575240
10 4.366925865411758 0.139 4748192
10 3.8720645010471344 0.137 4790984
10 3.688019722700119 0.141 4820904
11 3.7715330719947815 0.14 4861016
7 3.142824202775955 0.11 4850776
9 3.8984791040420532 0.139 4895432
10 3.8823037445545197 0.123 4879144
10 4.167529731988907 0.12 4922624
8 3.6309274435043335 0.113 4940416
9 4.152970403432846 0.169 4954512
9 4.271631240844727 0.112 4906888
10 4.32671657204628 0.128 4960560
7 2.9247404038906097 0.104 4930400
8 3.5365063846111298 0.117 4957680
7 3.320358991622925 0.14 4935216
9 4.273056089878082 0.114 4968792
6 3.0675674974918365 0.122 4935488
7 3.8953340649604797 0.141 4965168
7 3.465606540441513 0.133 4939296
10 4.662619650363922 0.141 4956232
9 4.3427265882492065 0.101 4952704
8 3.685690402984619 0.109 5003032
7 3.5269861817359924 0.128 4977432
7 3.4948119819164276 0.103 4986064
8 3.204309433698654 0.103 4975504
10 3.8510879576206207 0.131 5010176
7 3.2416861057281494 0.111 5019184
5 2.248680680990219 0.106 5056944
8 3.384924054145813 0.107 5110600
6 2.7149520814418793 0.119 4771656
8 3.320772171020508 0.169 5002592
8 3.452490895986557 0.117 4996336
11 4.317238509654999 0.16 5042752
11 3.9047063887119293 0.119 5059896
8 3.2164922058582306 0.108 5115552
9 3.7953465282917023 0.137 5149664
8 2.8824880719184875 0.138 5206880
6 2.4498197436332703 0.113 5215040
7 3.0139549374580383 0.107 5238336
12 3.8711978793144226 0.14 5277736
7 2.4216119050979614 0.135 5287792
7 2.525152862071991 0.133 5321248
5 1.6278258562088013 0.114 5339624
3 1.313672810792923 0.114 5347688
7 2.6791382431983948 0.107 5345272
8 2.937796652317047 0.11 5376688
5 1.9537276029586792 0.145 5369816
5 1.7927181720733643 0.126 5394848
6 2.2352127730846405 0.105 5379488
5 2.1634857058525085 0.138 5392216
6 2.503776490688324 0.111 5362704
8 3.35472309589386 0.113 5361392
6 2.7324243783950806 0.109 5347800
7 2.9890623092651367 0.113 5368840
5 2.3905522525310516 0.103 5341464
5 2.4932060539722443 0.111 5347864
5 2.4846208691596985 0.11 5323440
7 2.941768318414688 0.107 5333152
8 3.1829152703285217 0.109 5337096
10 3.691184312105179 0.115 4992392
8 3.3501462638378143 0.116 5193752
8 3.178052842617035 0.108 5164784
7 3.2362219095230103 0.115 5182512
9 4.164383709430695 0.12 5183480
8 3.442923754453659 0.114 5178344
9 3.458052545785904 0.115 5174496
12 4.655905842781067 0.117 5199760
9 3.9053382873535156 0.113 5200968
11 4.400310963392258 0.122 5201376
7 3.6628648340702057 0.135 5210952
8 3.416720747947693 0.111 5232480
12 4.674141019582748 0.118 5248616
10 4.0861556828022 0.129 5248192
9 3.6448317766189575 0.11 5225984
9 4.165637582540512 0.102 5180208
9 3.6332839131355286 0.132 5157712
11 4.515570282936096 0.104 5150848
10 4.140747576951981 0.138 5147224
9 3.4580908119678497 0.129 5146752
9 3.9734780192375183 0.102 5098760
8 3.956624299287796 0.104 5097840
8 3.966745913028717 0.102 5110560
8 3.457524359226227 0.112 5173000
2 0.6881032586097717 0.107 2964048
3 0.9225792586803436 0.101 3272352
1 0.3374226689338684 0.112 3300256
2 0.6576706767082214 0.105 3311080
1 0.4383681118488312 0.112 3374552
1 0.27789318561553955 0.112 3400872
0 0.0 0.119 3037712
1 0.328086793422699 0.143 3214376
0 0.0 0.116 3272928
0 0.0 0.154 3272888
0 0.0 0.12 3324704
1 0.2502284348011017 0.119 3323216
1 0.3992350399494171 0.115 3352056
1 0.5306099057197571 0.116 3369952
1 0.534877359867096 0.105 3379688
2 0.8680039346218109 0.107 3328016
2 0.7715499401092529 0.114 3375368
2 0.7719362676143646 0.109 3373000
2 0.7501666843891144 0.117 3421904
0 0.0 0.145 3424456
0 0.0 0.118 3433424
0 0.0 0.108 3364744
0 0.0 0.107 3445232
0 0.0 0.115 3436080
2 0.6717408895492554 0.114 3464448
2 0.7014515697956085 0.11 3427120
2 0.688888818025589 0.11 3467096
2 0.8430060148239136 0.113 3488576
2 0.8258976638317108 0.15 3498512
1 0.46964031457901 0.107 3440856
2 0.7832367420196533 0.134 3471248
2 0.7540439367294312 0.122 3437912
1 0.35039740800857544 0.131 3517480
2 0.6906543672084808 0.147 3506048
2 0.7021759450435638 0.113 3512264
2 0.7166216373443604 0.105 3545832
