0 4376439
1 4396210
2 4426283
3 4426502
4 4478210
5 4490839
6 4519270
7 4525112
8 4546119
9 4550109
10 4553760
11 4557736
12 4583137
13 4589161
14 4589304
15 4593954
16 4601626
17 4606079
18 4607594
19 4608212
20 4610703
21 4610951
22 4619529
23 4622007
24 4623011
25 4623993
26 4624945
27 4625067
28 4628111
29 4629108
30 4629156
31 4629425
32 4629954
33 4629985
34 4634320
35 4638867
36 4646349
37 4648996
38 4649716
39 4653034
40 4653321
41 4659444
42 4661500
43 4662787
44 4663477
45 4669050
46 4670910
47 4676756
48 4678704
49 4678737
50 4679930
51 4680331
52 4684017
53 4692773
54 4695632
55 4696344
56 4697374
57 4698237
58 4699728
59 4701389
60 4703062
61 4703566
62 4705320
63 4706107
64 4706114
65 4707769
66 4708149
67 4709426
68 4709452
69 4710963
70 4711311
71 4711349
72 4715291
73 4718166
74 4720539
75 4720974
76 4721744
77 4722699
78 4729019
79 4730499
80 4732733
81 4733869
82 4735275
83 4737314
84 4738326
85 4738475
86 4739430
87 4740194
88 4741238
89 4741373
90 4743292
91 4744429
92 4745113
93 4745854
94 4746432
95 4750396
96 4750552
97 4751646
98 4752487
99 4753346
100 4754829
101 4757362
102 4760807
103 4760997
104 4761439
105 4763138
106 4763572
107 4767163
108 4768670
109 4768704
110 4768805
111 4769127
112 4769214
113 4769630
114 4769722
115 4769883
116 4770881
117 4771205
118 4772463
119 4772972
120 4773033
121 4774685
122 4775251
123 4776410
124 4776915
125 4778239
126 4780053
127 4780609
128 4781064
129 4781161
130 4782115
131 4784348
132 4784968
133 4785342
134 4785711
135 4785991
136 4788577
137 4789968
138 4791218
139 4791372
140 4791492
141 4792249
142 4792418
143 4793317
144 4794383
145 4796686
146 4796745
147 4797119
148 4797375
149 4798201
150 4802706
151 4803150
152 4803281
153 4803668
154 4804602
155 4804628
156 4806066
157 4808451
158 4809025
159 4810412
160 4810700
161 4811775
162 4812117
163 4813365
164 4813704
165 4815250
166 4815438
167 4815826
168 4817608
169 4817625
170 4818304
171 4818480
172 4821071
173 4821545
174 4821780
175 4821988
176 4822574
177 4822917
178 4823264
179 4824030
180 4824656
181 4824881
182 4824990
183 4825164
184 4825583
185 4825645
186 4826437
187 4826765
188 4827514
189 4828531
190 4828569
191 4828675
192 4829448
193 4830194
194 4830236
195 4832483
196 4832581
197 4834144
198 4834160
199 4834622
200 4834920
201 4835324
202 4835478
203 4835929
204 4836457
205 4838179
206 4839904
207 4840770
208 4840833
209 4841205
210 4841342
211 4841412
212 4841472
213 4841895
214 4842256
215 4842330
216 4842819
217 4843390
218 4844500
219 4845442
220 4845924
221 4846702
222 4848067
223 4848253
224 4848574
225 4849802
226 4850240
227 4850264
228 4851898
229 4852830
230 4853464
231 4854234
232 4854956
233 4855350
234 4855369
235 4855803
236 4856317
237 4857097
238 4857723
239 4858011
240 4858409
241 4859922
242 4860120
243 4860947
244 4861614
245 4862219
246 4862267
247 4863747
248 4864973
249 4865459
250 4865538
251 4866465
252 4867223
253 4867629
254 4868301
255 4868947
256 4870051
257 4871057
258 4874421
259 4874824
260 4875245
261 4875559
262 4876067
263 4876083
264 4876788
265 4878930
266 4879325
267 4880992
268 4881424
269 4882244
270 4883278
271 4883587
272 4883794
273 4884849
274 4885626
275 4885931
276 4885942
277 4886086
278 4886843
279 4887084
280 4887232
281 4887380
282 4887736
283 4888393
284 4889181
285 4889577
286 4890637
287 4891399
288 4891584
289 4891927
290 4892023
291 4892026
292 4892200
293 4892561
294 4892998
295 4893540
296 4894342
297 4894451
298 4894471
299 4895954
300 4896952
301 4897059
302 4897295
303 4897857
304 4897893
305 4898027
306 4898093
307 4898364
308 4899376
309 4899723
310 4900540
311 4900548
312 4900632
313 4901273
314 4901662
315 4902483
316 4904526
317 4904703
318 4905061
319 4905074
320 4905263
321 4905482
322 4908024
323 4909318
324 4909453
325 4909578
326 4910010
327 4910471
328 4911306
329 4911418
330 4911796
331 4915079
332 4915238
333 4915281
334 4915312
335 4916687
336 4917206
337 4917699
338 4918247
339 4918703
340 4919470
341 4919680
342 4919805
343 4920101
344 4920753
345 4920910
346 4920921
347 4922091
348 4922855
349 4923311
350 4923924
351 4924522
352 4924628
353 4925870
354 4926828
355 4926977
356 4928063
357 4928234
358 4928414
359 4929443
360 4929652
361 4930080
362 4930400
363 4930501
364 4930790
365 4931222
366 4933575
367 4933980
368 4934660
369 4935126
370 4935371
371 4935483
372 4935648
373 4936400
374 4937204
375 4937378
376 4939001
377 4939463
378 4939536
379 4940067
380 4940219
381 4940940
382 4941486
383 4943141
384 4943149
385 4943205
386 4943494
387 4944210
388 4944448
389 4944639
390 4944718
391 4945535
392 4945545
393 4945612
394 4946886
395 4948289
396 4949136
397 4949365
398 4949592
399 4950323
400 4951151
401 4952686
402 4954243
403 4954508
404 4954936
405 4955650
406 4955895
407 4956193
408 4957073
409 4957368
410 4957686
411 4958389
412 4958562
413 4959371
414 4959735
415 4960254
416 4961075
417 4961334
418 4961631
419 4961710
420 4962024
421 4963965
422 4965031
423 4965376
424 4966534
425 4966819
426 4966830
427 4967720
428 4967932
429 4968471
430 4968609
431 4968634
432 4969655
433 4970014
434 4970556
435 4970961
436 4973125
437 4973418
438 4973829
439 4974360
440 4974871
441 4976345
442 4976800
443 4978229
444 4978291
445 4978612
446 4978989
447 4979835
448 4980691
449 4981280
450 4981427
451 4984197
452 4984404
453 4984445
454 4984472
455 4984890
456 4986643
457 4986798
458 4986873
459 4987297
460 4987654
461 4987887
462 4988449
463 4988725
464 4989206
465 4989233
466 4990417
467 4990587
468 4990808
469 4991389
470 4992182
471 4993975
472 4994168
473 4994214
474 4994748
475 4995254
476 4995835
477 4996264
478 4998381
479 4998428
480 4998596
481 4999481
482 4999652
483 5000701
484 5000702
485 5002062
486 5002159
487 5002232
488 5002696
489 5002978
490 5003314
491 5003350
492 5004087
493 5004131
494 5004379
495 5004749
496 5005781
497 5005814
498 5006062
499 5006860
500 5007000
501 5007423
502 5008625
503 5009062
504 5009221
505 5009703
506 5010322
507 5010511
508 5011275
509 5011409
510 5013187
511 5013206
512 5013251
513 5013678
514 5013913
515 5014166
516 5014469
517 5014798
518 5015065
519 5015754
520 5017204
521 5018536
522 5019102
523 5019339
524 5019340
525 5021015
526 5021418
527 5021591
528 5022011
529 5022465
530 5024122
531 5024374
532 5024405
533 5026116
534 5026122
535 5026725
536 5027196
537 5027956
538 5028430
539 5029250
540 5030075
541 5030280
542 5030360
543 5030433
544 5030667
545 5031142
546 5031359
547 5031688
548 5031925
549 5031981
550 5032151
551 5032634
552 5033533
553 5034097
554 5035095
555 5035738
556 5036548
557 5037517
558 5039092
559 5039627
560 5040193
561 5040399
562 5040658
563 5040872
564 5042658
565 5043847
566 5043861
567 5044085
568 5044455
569 5044530
570 5045366
571 5045839
572 5046014
573 5047379
574 5047580
575 5048139
576 5048518
577 5049151
578 5049362
579 5049598
580 5049692
581 5050999
582 5051095
583 5052849
584 5053241
585 5053722
586 5054221
587 5054432
588 5054557
589 5054805
590 5055037
591 5055148
592 5055956
593 5056073
594 5056914
595 5059150
596 5059734
597 5060262
598 5060736
599 5061279
600 5061362
601 5061708
602 5061944
603 5062205
604 5062695
605 5062972
606 5064521
607 5065541
608 5066226
609 5066449
610 5066541
611 5066636
612 5067349
613 5069656
614 5070372
615 5072993
616 5073288
617 5073671
618 5073831
619 5075762
620 5076035
621 5076624
622 5077537
623 5078179
624 5079322
625 5080023
626 5080326
627 5081519
628 5081805
629 5082013
630 5082906
631 5083042
632 5083454
633 5083570
634 5083702
635 5083905
636 5085446
637 5086456
638 5086597
639 5086766
640 5086833
641 5088339
642 5091351
643 5091892
644 5091950
645 5092535
646 5092768
647 5094079
648 5094308
649 5096713
650 5096906
651 5097710
652 5098003
653 5098626
654 5098673
655 5099309
656 5099516
657 5099517
658 5101786
659 5102473
660 5103434
661 5104012
662 5105668
663 5107629
664 5107969
665 5108313
666 5109214
667 5109633
668 5111370
669 5111562
670 5112623
671 5113525
672 5114161
673 5114677
674 5115794
675 5116082
676 5116234
677 5116323
678 5116389
679 5116404
680 5117452
681 5117511
682 5118823
683 5119118
684 5119935
685 5120244
686 5120402
687 5120669
688 5120923
689 5121170
690 5121492
691 5122896
692 5123961
693 5124929
694 5125171
695 5125288
696 5128555
697 5130282
698 5130394
699 5131593
700 5132230
701 5132599
702 5132769
703 5132818
704 5134020
705 5134212
706 5134884
707 5135735
708 5136766
709 5137797
710 5137880
711 5140551
712 5141065
713 5141894
714 5142033
715 5144550
716 5144717
717 5144764
718 5145027
719 5145900
720 5146710
721 5147775
722 5148822
723 5149101
724 5149225
725 5149467
726 5149523
727 5151183
728 5152859
729 5153866
730 5155557
731 5155566
732 5155572
733 5156784
734 5157656
735 5158621
736 5160171
737 5160173
738 5161352
739 5162681
740 5162753
741 5163303
742 5163739
743 5164863
744 5164913
745 5165485
746 5167160
747 5167726
748 5169638
749 5169697
750 5169953
751 5170436
752 5170609
753 5171969
754 5175766
755 5177161
756 5177300
757 5177610
758 5177654
759 5178357
760 5178737
761 5178908
762 5179571
763 5179713
764 5180232
765 5181435
766 5181774
767 5182401
768 5182438
769 5182798
770 5183024
771 5183355
772 5183912
773 5185338
774 5185497
775 5186332
776 5187281
777 5187360
778 5187608
779 5188118
780 5189339
781 5190174
782 5191506
783 5192214
784 5192485
785 5192641
786 5194850
787 5197029
788 5197120
789 5197763
790 5199959
791 5203692
792 5204634
793 5205042
794 5205566
795 5206504
796 5206601
797 5207787
798 5207912
799 5209945
800 5210044
801 5210663
802 5211647
803 5212610
804 5213543
805 5213615
806 5215833
807 5216246
808 5216714
809 5218428
810 5219348
811 5219603
812 5224772
813 5224806
814 5225420
815 5226036
816 5226326
817 5227113
818 5227263
819 5227779
820 5229181
821 5229777
822 5230070
823 5230800
824 5233482
825 5234657
826 5236792
827 5240347
828 5241149
829 5242198
830 5244926
831 5247239
832 5248625
833 5249908
834 5252024
835 5253196
836 5253861
837 5253872
838 5254271
839 5255106
840 5258165
841 5260347
842 5262358
843 5264320
844 5264480
845 5265161
846 5266947
847 5267605
848 5268904
849 5269070
850 5272641
851 5273461
852 5274218
853 5277342
854 5277958
855 5280279
856 5284235
857 5284416
858 5285341
859 5285345
860 5286662
861 5288701
862 5291058
863 5292847
864 5296149
865 5296379
866 5296685
867 5296980
868 5298148
869 5301261
870 5304102
871 5304636
872 5305195
873 5305253
874 5311498
875 5312806
876 5314385
877 5314427
878 5315176
879 5315328
880 5317146
881 5318150
882 5318680
883 5320584
884 5322576
885 5322713
886 5324173
887 5325204
888 5325581
889 5325987
890 5332850
891 5332989
892 5333179