0 0.9900908670238052 5.843182896696962
1 1.003235771936201 5.859437569714252
2 1.0162537558867692 5.868748417821624
3 1.0178209170822308 5.879351137650071
4 1.0285435888598597 5.886905826269295
5 1.0290779825255068 5.896528416503474
6 1.0331894645035051 5.9170616689578885
7 1.0401312091442823 5.920905096305732
8 1.0410533647953022 5.921080304802461
9 1.0427709673048018 5.92228095445827
10 1.0451925735717387 5.925993919057758
11 1.051718308818778 5.9345322235875235
12 1.0532016802874102 5.935040670608362
13 1.0555542944979337 5.936716779776336
14 1.0567665108014703 5.937189682191425
15 1.0574446772214476 5.938389551775282
16 1.0603807322765504 5.941600542096614
17 1.0621017099255066 5.941651350727269
18 1.0624828604742649 5.943520969339325
19 1.0632961553387479 5.949974510683304
20 1.0646874178221502 5.950339058139859
21 1.0669418567726092 5.951705961856872
22 1.070190899481276 5.9518179239233575
23 1.0716133379976849 5.952053685704769
24 1.071971739747067 5.9527322379507295
25 1.0755282211234471 5.952748106342433
26 1.0761394346942768 5.956581708984582
27 1.0784639970180703 5.957272860927763
28 1.0784898939072067 5.9595566385406835
29 1.078504793353022 5.959899360402486
30 1.0793250698136214 5.96047360037879
31 1.0807542625308972 5.960477420469884
32 1.0812817492488938 5.960801733108443
33 1.0821337781410416 5.962187370309148
34 1.0854425903769207 5.962831665523337
35 1.0864884290399148 5.96431237400469
36 1.086688456106596 5.965228345413732
37 1.0876623671643824 5.965850549267204
38 1.0887342052967641 5.966888723673778
39 1.0911850886853425 5.96716472210937
40 1.092206343003804 5.96919704806844
41 1.0924215849948682 5.971712627294103
42 1.0928837759793726 5.9718693169252095
43 1.0953105302022779 5.971877147834246
44 1.0953451063524149 5.973556111035037
45 1.0955842705828882 5.977311245608869
46 1.097293744733599 5.978147724415598
47 1.0974301537583935 5.978231779698354
48 1.0974921438287297 5.978864384077259
49 1.0981895888439965 5.982036277399699
50 1.0982783585685576 5.982493772786237
51 1.0983089868365448 5.9831717490593554
52 1.0984576485678519 5.983307765466945
53 1.0986215126430159 5.983901153384351
54 1.0987406283634011 5.9840250737946175
55 1.1013839663239293 5.98616254266022
56 1.1019086055796186 5.986270465113303
57 1.1030398503140448 5.987291036267294
58 1.1031524738549465 5.988223868452641
59 1.104342371596136 5.988246810040937
60 1.1052198748565585 5.988939467782775
61 1.105229678421114 5.989074343982847
62 1.1058507792187493 5.98993573477
63 1.106700999882634 5.989993170586582
64 1.1073213087829517 5.990008980147913
65 1.107500148668581 5.990159222985628
66 1.1084970050643483 5.990263907028567
67 1.1086494817797905 5.991759780849942
68 1.1088102189066777 5.99195690532986
69 1.1094855098390448 5.991961008523863
70 1.1095062075340658 5.992234172232304
71 1.1099124523105324 5.992531483819743
72 1.1099379810548595 5.992886464881342
73 1.1103442467045144 5.993272188330077
74 1.1103765611434449 5.994539700676293
75 1.1104290068036184 5.995142514309601
76 1.1105975845494651 5.995421845134397
77 1.1116533039075125 5.995459562762005
78 1.1121242623083805 5.995463757631139
79 1.1121695501752373 5.995523792362598
80 1.1122243844346944 5.996397906347588
81 1.1130106636444344 5.996398863220649
82 1.1132926382077137 5.996565845529042
83 1.113592666366928 5.997243538401179
84 1.113819650118983 6.000072165558627
85 1.114356731893956 6.00036897331105
86 1.1144160597808141 6.0014377243328605
87 1.1149816646510644 6.001784334465885
88 1.1151071560970274 6.00219955945002
89 1.1155223357841246 6.0022582862560565
90 1.1157659714616615 6.00348839881369
91 1.1158232016849219 6.003774816233567
92 1.1164298328046638 6.004337588330372
93 1.1169728590994727 6.0049899037967815
94 1.1176785248678864 6.005082253416853
95 1.117857173597083 6.005380876500115
96 1.1181246628783992 6.005788204837192
97 1.118418320538752 6.006338042963669
98 1.1186562015473027 6.007324997333676
99 1.118720047665809 6.007396877210362
100 1.1192575197133623 6.007608032234984
101 1.1193625874135393 6.007671068994468
102 1.1197339469594347 6.007714190638793
103 1.1198221808941673 6.00952724103574
104 1.1199158512559553 6.009544607004998
105 1.1226217948145156 6.009595087676217
106 1.1229291070063425 6.009602563226585
107 1.1229492519191104 6.0100385883923115
108 1.1230815845704223 6.010346598777307
109 1.1238868524076295 6.010569082765784
110 1.1245920896682153 6.011076810987702
111 1.1246752363470631 6.0114402525778905
112 1.124951988058978 6.011627750512837
113 1.1250131865368456 6.011696402637208
114 1.1250257291973549 6.011882115058481
115 1.125094053756259 6.012683657993904
116 1.1251307401829933 6.012899061635004
117 1.1263963695617254 6.013275519238935
118 1.1266731155811809 6.013518763570312
119 1.1270261663406438 6.013656708373867
120 1.1272208557980479 6.015204744231485
121 1.1273214933301545 6.015930451192541
122 1.1274334866083637 6.017026134614899
123 1.128006705694433 6.017115600915967
124 1.1283663615913055 6.017342190233815
125 1.1287252797391163 6.017560193258697
126 1.129061590565163 6.017670101518926
127 1.1293304844960845 6.017741995019795
128 1.1294646057191886 6.017796774604025
129 1.1298839190085972 6.018740850083494
130 1.1298910229905446 6.019531074793602
131 1.1301541710232001 6.019565480519784
132 1.1305003686410628 6.01969914501453
133 1.1316357988467098 6.01972810054012
134 1.1320707140690098 6.019926872373465
135 1.132092482248547 6.020141181010039
136 1.132246232530326 6.020416410439259
137 1.1322497947007721 6.020636582861843
138 1.1328535273230744 6.020904018052381
139 1.1332654137297944 6.022351050996963
140 1.1333191237511118 6.022958090136573
141 1.1333987351055173 6.022978802372102
142 1.1334597555378758 6.023002044806931
143 1.1337420566109757 6.023020638250922
144 1.133780302503258 6.0232820339538184
145 1.1344569743494513 6.02347133829834
146 1.1347578178819948 6.02382276443841
147 1.1355460127469008 6.024481141779484
148 1.136905847481516 6.024995414321618
149 1.1374155404342448 6.025133635279971
150 1.1374380476693093 6.0251385183201345
151 1.1374585562356634 6.025860276715944
152 1.138119246087579 6.026210113265141
153 1.1386074554288927 6.026295757286867
154 1.1388222030876376 6.027635237498803
155 1.1393286139562098 6.0283743872186015
156 1.139329162800315 6.028476284289449
157 1.1394593273394316 6.029665808586819
158 1.140649276103771 6.029826639301601
159 1.1408382364194063 6.031239432871677
160 1.1408996398548814 6.0313729402798755
161 1.141218798603784 6.0316087846243365
162 1.141506982763878 6.031906648542058
163 1.141566321740886 6.032286392026235
164 1.1417331326620905 6.032656575468607
165 1.142236020200774 6.033010878050858
166 1.1422412890586793 6.033439162047881
167 1.1422541197387264 6.033747823333107
168 1.142276574295326 6.03375817473873
169 1.1440333721485108 6.033894784907324
170 1.1440371330113053 6.034347980680201
171 1.1440396578028336 6.034998316737173
172 1.1442327316750371 6.035213794158815
173 1.1446825551105826 6.035236692834736
174 1.1456930369188607 6.035280802425782
175 1.1459842967059517 6.035397194816508
176 1.146574912862661 6.035893137181107
177 1.146974030650755 6.036264238615929
178 1.147372632249866 6.036794385538042
179 1.1474300312864973 6.037041477135503
180 1.1476983563636112 6.037240488793041
181 1.1479944485803733 6.037266264801677
182 1.1480238466312789 6.037464804871528
183 1.1480514793973873 6.037683170848572
184 1.1480731433807039 6.038219877800665
185 1.1482131177257169 6.038605051056945
186 1.1486202054030812 6.0389966511496995
187 1.1494141814401115 6.039066524914964
188 1.1495043547204147 6.039260862747627
189 1.149760740491351 6.039404079680841
190 1.149987519755944 6.039813049303122
191 1.1502017161552742 6.0401637883574555
192 1.150304060245633 6.040252602658651
193 1.1503429717349725 6.0403067197056535
194 1.1507219281557766 6.040930229436206
195 1.1510078932544006 6.041045599277419
196 1.151019411408471 6.041208576946383
197 1.151050489418614 6.041939152872287
198 1.1513815856692546 6.0423217257251975
199 1.151642949450072 6.042336550703239
200 1.151719878430801 6.042344415617413
201 1.1518280765589486 6.042377757135804
202 1.1519059113865788 6.042503391962805
203 1.1523055791284842 6.042943885346843
204 1.1527807708155822 6.042977479178102
205 1.1529326533041315 6.043096052813135
206 1.152946840916431 6.0431299459473315
207 1.1530228514181726 6.043419826929717
208 1.153515012299759 6.044098534503174
209 1.1535740488578412 6.0442941049782215
210 1.1536513007422107 6.044911897771865
211 1.1536750170546357 6.045622877201333
212 1.1537452491338263 6.045743217941714
213 1.1545078142096392 6.045774642774278
214 1.1545399535443 6.045909196531011
215 1.154570155513224 6.046347713162773
216 1.1550258208779203 6.046362138796455
217 1.1551231782132823 6.046693720053627
218 1.155566993373738 6.046727172188598
219 1.1556358757573464 6.047542471373804
220 1.1556381074986588 6.048047163513567
221 1.1557562489652848 6.04808017776597
222 1.1559262677714621 6.048538894506272
223 1.1560547938234298 6.048932676138079
224 1.156139202489367 6.048993601059903
225 1.1562394648704288 6.049668265282098
226 1.1562447011983752 6.049822025605095
227 1.1563090323901821 6.050175098465791
228 1.156529669623015 6.0502977700898555
229 1.15654197737365 6.05036366940136
230 1.1568736268763424 6.050466825717367
231 1.1570198196359784 6.050718203724788
232 1.1574258841249854 6.050796850522405
233 1.157576992877311 6.051453445848104
234 1.158155455913804 6.051513120651436
235 1.1581852041165308 6.05154706902231
236 1.1583781002465967 6.051631719605922
237 1.1583831160084332 6.052031580888138
238 1.1588107946686106 6.0522272401174195
239 1.1589960604582366 6.0522751334562175
240 1.1590278101450766 6.05229209580301
241 1.1592669057032514 6.052539016290606
242 1.1596594080545803 6.052984339264709
243 1.1599345803659653 6.053039855193111
244 1.159949423546938 6.053286299750058
245 1.1600516542079917 6.053783720471431
246 1.160467786086158 6.053834156480502
247 1.1611097067284395 6.0540968036271465
248 1.1612663104173206 6.0545509294456075
249 1.1614580351497121 6.0546275889850385
250 1.1615578435942284 6.05464564711012
251 1.1617607426611496 6.054905269560005
252 1.1618784588650009 6.055193153111581
253 1.1622826016189292 6.055519253388452
254 1.162296654385991 6.056198173647345
255 1.1623119073519346 6.056491510942566
256 1.162777368930741 6.056574220153369
257 1.162847382619953 6.056876503917968
258 1.1630327590675467 6.057012268247261
259 1.1632406455959399 6.057428153024978
260 1.1632901327450207 6.057547737901378
261 1.1637760600205533 6.0577530948661735
262 1.1638167649412359 6.058345719381218
263 1.1639993915405709 6.058576049229439
264 1.1641648395124182 6.058776884270209
265 1.1642647530155301 6.058894098557
266 1.1646446497626965 6.059331442469073
267 1.165150543739617 6.059509451818972
268 1.1655068866966352 6.059524594481802
269 1.1656704343418267 6.0597555723816
270 1.1656759183089747 6.060142677044557
271 1.1658525500875199 6.06016412669579
272 1.16592666242521 6.060271084919618
273 1.166039811783574 6.0611162369863
274 1.1662493761256474 6.061202119884071
275 1.166292193511935 6.061230518496891
276 1.1665067924676225 6.061469037869594
277 1.1665438228971254 6.061704894471464
278 1.1666161536869077 6.06185748362809
279 1.1667224147203956 6.062305774057084
280 1.166760396678913 6.062573375412481
281 1.166919998794531 6.062735043955476
282 1.1673755251272326 6.063035949532257
283 1.1674123881586578 6.063181892677142
284 1.1675523935836307 6.063554054894995
285 1.1677099634194907 6.064137517154192
286 1.1677129402331763 6.064216101855018
287 1.1677832257120668 6.064353569211555
288 1.1682322288523737 6.064729546236895
289 1.1684066575010366 6.06499177900797
290 1.1684173451467441 6.065202668958062
291 1.1687213657413602 6.065241915882734
292 1.1689919694707407 6.065261062175815
293 1.169072578994231 6.065268288620051
294 1.169314884347704 6.065677989265924
295 1.1694069198251826 6.065989610387331
296 1.1694554925181075 6.06602931336103
297 1.1695025379292336 6.066359560675457
298 1.1698749253279799 6.066436731910958
299 1.1698861024890292 6.066623593844556
300 1.1699496907828297 6.066926415363231
301 1.1700904303833517 6.067028910428294
302 1.1704880480266162 6.06707645691314
303 1.1709233191026431 6.06756972030413
304 1.1712217445429394 6.067594862391499
305 1.1712325138318587 6.0677447569214245
306 1.1714137184714255 6.067897202126773
307 1.1714347216192527 6.067900254975331
308 1.171469609683952 6.068052620876481
309 1.1716198882807052 6.068088869966379
310 1.1716895211981202 6.068910763323003
311 1.1719285957603176 6.068974662186801
312 1.1720789816649435 6.069136772115337
313 1.1720962694918813 6.069247723553869
314 1.1722361637952485 6.069268746971624
315 1.1723249312532877 6.069463265658519
316 1.172604053422006 6.0695509261419875
317 1.1726777393178165 6.069581128253227
318 1.1733327874135129 6.070945202939899
319 1.1736852814010599 6.071100299575673
320 1.1738784837336738 6.071159039379257
321 1.1742042170537346 6.07127759531597
322 1.1743749842989353 6.071474522875066
323 1.17456334771699 6.071475793167338
324 1.174583024407613 6.071579850747913
325 1.1746788218677255 6.071644646305447
326 1.1747967177294438 6.072001265979079
327 1.174900933526756 6.072552682083766
328 1.1750911575323144 6.072644688204634
329 1.1751235983153956 6.0729115383515255
330 1.175257115331062 6.0729524365693806
331 1.1753297945061374 6.0729943562261655
332 1.1756851006248412 6.0730599048281855
333 1.175895145842608 6.073152587186212
334 1.1765518539766473 6.073457682019702
335 1.1765863418741018 6.073483157299075
336 1.1768772539702814 6.07357194015374
337 1.1770917016619502 6.073827451935486
338 1.1771633866510771 6.073950969836542
339 1.1772510951797561 6.074222894539021
340 1.1775109804593604 6.074228398274658
341 1.1777639468638388 6.0744992605891435
342 1.1777730391241124 6.074795211670342
343 1.177794550956642 6.074954957192036
344 1.178378522721747 6.075077825270855
345 1.1789437458885699 6.075093893514911
346 1.1792896880598505 6.075778722972632
347 1.1795273370416888 6.075869178511099
348 1.1796689253410406 6.076051477792558
349 1.1797001512802268 6.0763805029460665
350 1.1798510934393407 6.076563362600499
351 1.1799197514918782 6.076680530424663
352 1.1803037686497366 6.076769215813374
353 1.180540932699 6.076791567174397
354 1.180668051097609 6.076817484704926
355 1.180689568987619 6.076947429252389
356 1.1806967768645371 6.077209940090534
357 1.1810946608339417 6.077211095571049
358 1.1813558087541542 6.077301252352069
359 1.181465670310779 6.077433873101212
360 1.181895393459277 6.077504880706109
361 1.1819260874275828 6.077771872501247
362 1.1819311149477432 6.077781801951396
363 1.1819839902636629 6.07785037557775
364 1.182079925888891 6.078030884349535
365 1.1820821359834655 6.078058678787983
366 1.1822955477495019 6.078208878340457
367 1.1823352600813615 6.078209717559002
368 1.1824502046884802 6.078592230169738
369 1.1827949168186631 6.078708517226342
370 1.182954791009874 6.078777774437248
371 1.1831249424487 6.078892875223356
372 1.1831690238289831 6.079121999351132
373 1.1832489122455616 6.079358412236887
374 1.1838436068879725 6.080069510467713
375 1.1839579472514206 6.08036954636526
376 1.184154807021139 6.080671342100831
377 1.184221947250588 6.080697769227474
378 1.1846001331595193 6.080776932955058
379 1.184604821306238 6.080980661662396
380 1.184717489608942 6.081017032871901
381 1.1848124207588728 6.081455715970306
382 1.1854165486954984 6.0814958708157505
383 1.1854174054349789 6.0815394609641515
384 1.1855202866050885 6.081597698922656
385 1.1859944792780273 6.081837032073499
386 1.1860148396022994 6.082015677125658
387 1.186427167966251 6.082314920344661
388 1.186465105290627 6.082546190026392
389 1.1867175109126022 6.082882568598768
390 1.1868841866985598 6.083102888745264
391 1.186995039982699 6.083149940682521
392 1.1869960788237623 6.083291114044119
393 1.1870389290213506 6.083346132966884
394 1.1871876433797308 6.083439340130363
395 1.1872015641170706 6.08364603747935
396 1.187305781347797 6.084082268992361
397 1.1873971876197855 6.084249278987776
398 1.18742453451067 6.084563552803733
399 1.1878233630128194 6.0846629588885905
400 1.1879498607996215 6.08476654149277
401 1.1884920615618955 6.085113742441112
402 1.1888060226552448 6.085209705170274
403 1.1889264439365759 6.086158037638896
404 1.1891604625459997 6.086419073960039
405 1.1892718449175095 6.086476156749195
406 1.189387904373443 6.086801823511441
407 1.189786549263303 6.08695262448016
408 1.1899383226195275 6.087049678357696
409 1.1901667301377925 6.087122534066583
410 1.1902629722917835 6.087149215826085
411 1.1904687423516858 6.087245519130488
412 1.1904837433936815 6.087359809036378
413 1.1910582553125837 6.087363995220491
414 1.191261744428465 6.0874518607711545
415 1.1913670180767022 6.08757272252441
416 1.1914636163107486 6.087806060528468
417 1.1915155110723843 6.087812632738965
418 1.1916304057854006 6.087941779853586
419 1.191662657545339 6.088166272075941
420 1.1920811684180945 6.088689280107178
421 1.1923542781691692 6.088774105507409
422 1.1927138286674348 6.088926886752322
423 1.1928096283578162 6.089074573356022
424 1.1929328091209566 6.089098880237366
425 1.1934375889144242 6.089114164005809
426 1.1942600149011644 6.089913837977702
427 1.1943899538128961 6.090211001801703
428 1.1945010932787585 6.090616079948212
429 1.194620662657543 6.090667933541548
430 1.1948450327434412 6.090697993635448
431 1.1949538631137149 6.09077036739008
432 1.1950240359532285 6.090867025492955
433 1.1953231630871626 6.090889130051013
434 1.1956580581426135 6.091169721957487
435 1.1957487693062454 6.0912409048691085
436 1.1958017594259587 6.091333854423841
437 1.1958162402562833 6.091425316829317
438 1.195848624971202 6.091509911762793
439 1.1961980487230868 6.091890618777104
440 1.1962626754431938 6.0919174150107445
441 1.1963355301378629 6.092158400907991
442 1.1963944583753447 6.092535734016225
443 1.1964380783525441 6.092544202899914
444 1.1967737891147616 6.092753045693568
445 1.1968329137558193 6.093075241024177
446 1.1975467384597418 6.093390214159806
447 1.197619703653764 6.093603620454404
448 1.1981729171764375 6.09386705022593
449 1.1981811247178686 6.093914671612201
450 1.1982077727168738 6.094168845020264
451 1.1982428064872161 6.094246169166653
452 1.1982450912436997 6.09476138615984
453 1.1983896704268795 6.0950070462763
454 1.1984524608319413 6.095349527460758
455 1.1984711994831558 6.095372529116477
456 1.1985327305830866 6.095487256360556
457 1.1986489527109974 6.095503900137672
458 1.1987117046556772 6.095870656906862
459 1.198740513142384 6.096329987929778
460 1.1987777570623994 6.096656229729393
461 1.1989135597444518 6.096819453278576
462 1.199024419648866 6.097341978667496
463 1.1990855918708052 6.097403966065779
464 1.1993700925505697 6.097429885500571
465 1.1994906184281562 6.097491409001299
466 1.1995735223831565 6.097633871788338
467 1.1996077569943042 6.097920226574816
468 1.2000955420229293 6.098087708099075
469 1.2004242874204978 6.098244601813584
470 1.2005829685671099 6.098324291687546
471 1.2007740982950292 6.098551643596382
472 1.2012141220748254 6.098768248272859
473 1.20125558936627 6.0988663518499715
474 1.2013885290518687 6.099079170278822
475 1.2015950466307348 6.09928873002061
476 1.2016837797280258 6.099305671917455
477 1.2017992301821543 6.09938627435436
478 1.2018348918846968 6.099524372444849
479 1.2019838057018097 6.099718758832394
480 1.2019881659615552 6.099793832998823
481 1.2027339565137152 6.099860029840422
482 1.2028337253899974 6.099905212731811
483 1.2031281365567175 6.099985781594201
484 1.2035140160724047 6.100278321060269
485 1.2035497233205144 6.100364831239639
486 1.2036927499779173 6.100598975658689
487 1.2037390776610533 6.100702013260944
488 1.2038845491437233 6.10080688769703
489 1.2040600099890026 6.100822953669723
490 1.2040676562282024 6.100822993907481
491 1.2042154714210218 6.100903058006193
492 1.2047867563028174 6.101789809050371
493 1.2049650442278859 6.10184519995924
494 1.2049839849490576 6.102031814810507
495 1.2050356766444041 6.102040454576078
496 1.2051003794706983 6.102377866763319
497 1.2053652922926261 6.10267466715523
498 1.2054191729273191 6.102732543656275
499 1.2054592681893095 6.103109647548313
500 1.2056382275440458 6.1034799268114055
501 1.2058296562225235 6.1038208510356835
502 1.2061688665553896 6.104092498871276
503 1.206237812358264 6.104168971174001
504 1.2068532485960384 6.104191202860157
505 1.2069285174437074 6.104417295206419
506 1.206944681494695 6.1047311601503065
507 1.2071987135937587 6.105135241187065
508 1.2073619089147585 6.105166166397914
509 1.2082211560584877 6.105772758618931
510 1.2082701010354555 6.106111999220092
511 1.2083803893827902 6.106332157634148
512 1.2084080519437221 6.106448661895975
513 1.2085812942221041 6.107040884024867
514 1.2085946544924806 6.107040917217469
515 1.2086482498501077 6.107668259089393
516 1.2087733546260067 6.107859813117382
517 1.2087762296534035 6.108008921344611
518 1.2088632303835394 6.108496355163106
519 1.2090068138687944 6.1089644722852015
520 1.2095074605104692 6.108999659660825
521 1.2096119572480792 6.109006885785097
522 1.2100999420869907 6.109073988694942
523 1.2108526560290955 6.109258293689744
524 1.2109496973769134 6.109285386376553
525 1.21176135318563 6.109290748891903
526 1.2119776781792169 6.109543633112842
527 1.2120197757837736 6.109551213547738
528 1.212380655280307 6.110215406041026
529 1.2127987028866514 6.110536596548016
530 1.2128647942788897 6.110550929309243
531 1.212877647485874 6.110704316376167
532 1.2130432427793567 6.110891727603473
533 1.213049887704538 6.111426818485031
534 1.2133522645961958 6.111433326982193
535 1.2133641731811968 6.11157944081655
536 1.213681137614243 6.112062382394344
537 1.2137539943762619 6.112272247078237
538 1.2139673639724031 6.1122862684286074
539 1.2140944602473853 6.112535716709479
540 1.2141682232935707 6.112616578941682
541 1.2145563331251972 6.1128463499549
542 1.214628870514964 6.113198678489564
543 1.2147612758334805 6.113246589934255
544 1.2149605490307305 6.11352919196338
545 1.2151659460965718 6.113863683428725
546 1.21527184875347 6.1139880286326855
547 1.2154232694088356 6.114133666352873
548 1.2155647329234176 6.114424198700162
549 1.2156932800056828 6.114849696706793
550 1.215991702580823 6.114995909557603
551 1.216087919041897 6.115124396997973
552 1.2162550133801857 6.115632292282081
553 1.216621548178137 6.115803562335021
554 1.2167633082854141 6.116138149583831
555 1.2169492188886086 6.116330639142342
556 1.2169815764129717 6.116597300517429
557 1.2171584016769945 6.116970278943232
558 1.2171637329724598 6.116976405232588
559 1.217529984593686 6.117060989733535
560 1.2181929413903987 6.117103794259171
561 1.2184584819513051 6.117202627540161
562 1.2187290611301147 6.117225760154171
563 1.2191102019244568 6.117548758010313
564 1.21917269738757 6.118337190015819
565 1.2192524308696993 6.118360484379213
566 1.2194946952401733 6.118413111795048
567 1.2197623026935227 6.118702542472029
568 1.2199965119927334 6.1187576313467416
569 1.2199970419812807 6.118974775535603
570 1.2201667355465753 6.119053843513347
571 1.2201925488643028 6.119216357096779
572 1.2208723822417424 6.119532693315191
573 1.2213285537134786 6.119829867281631
574 1.2215455940749536 6.120083000705202
575 1.2220795677448644 6.120286938955325
576 1.2220819904140579 6.1202937953247805
577 1.2222949573412596 6.120399246216218
578 1.222297834392337 6.120573512487537
579 1.2225157615831912 6.1205904016517065
580 1.2226862420323616 6.120714505582095
581 1.2227709056960385 6.120924161314873
582 1.222937426438376 6.12099468097652
583 1.2229567691527445 6.1212074096778295
584 1.2229590612204653 6.121297600932755
585 1.223068129727129 6.12140803069645
586 1.2231421723359166 6.121488673872351
587 1.2234155044366541 6.121692860898758
588 1.2234313173292775 6.121797420866345
589 1.2234965559270443 6.1218275034796354
590 1.2237866858187993 6.121892261366104
591 1.2238738381219476 6.122434267820208
592 1.2240871591307587 6.122559838883443
593 1.2246620351245567 6.122611468036716
594 1.2248927287368085 6.122628889847358
595 1.2254370787677442 6.1239237688670505
596 1.2258059721477732 6.1242561556224215
597 1.225879545183864 6.1245034965202745
598 1.2259577505817503 6.124835810694218
599 1.2259601847218125 6.125169884289587
600 1.2260435742041096 6.125250539159894
601 1.2262227657025975 6.1259530265004125
602 1.2262639773182136 6.125964387278556
603 1.2264925537708808 6.126002053388099
604 1.2266210951673273 6.126058206472616
605 1.2266343128393977 6.12615275249565
606 1.2271214111887938 6.12642511892854
607 1.2271433521977404 6.126507794271826
608 1.227144064446626 6.12671451848106
609 1.2274950420663902 6.126973614601328
610 1.2275721208362045 6.12700083623178
611 1.227738918040143 6.127119822492254
612 1.2279553263534306 6.127134214304024
613 1.2280769333285384 6.127343666780952
614 1.2281907992609853 6.127448070599004
615 1.2282718372759178 6.127816692814925
616 1.2283643033508582 6.128091336771316
617 1.2285972396473686 6.12831731042259
618 1.228662415776752 6.128571559642318
619 1.2287160401990376 6.1288453899343915
620 1.2289550307491104 6.1290686072521074
621 1.2290092432638269 6.129275835336308
622 1.229192055244655 6.129279117560632
623 1.2292643623778654 6.1294148605347925
624 1.2295779694828755 6.129677648325861
625 1.2296943736047394 6.129863721969818
626 1.2298408097836804 6.130062196508558
627 1.2299059268805916 6.130111282944377
628 1.229967867847928 6.130229054829894
629 1.230262323073445 6.13057071900963
630 1.2304654765375813 6.13057860425799
631 1.230505949188599 6.130741892656202
632 1.2307400615001827 6.130838607399021
633 1.2310175299804313 6.130988047395348
634 1.2310434674683044 6.1310646299556515
635 1.2311783556018507 6.131077195588854
636 1.2311996893131638 6.131356210542125
637 1.2312837097038647 6.131411371908284
638 1.2316063714496401 6.131475759448614
639 1.2316692266109848 6.131560709031018
640 1.2319225134823153 6.132331356265624
641 1.232249202329551 6.133087496944586
642 1.232384410295392 6.133127811612463
643 1.232625903892664 6.13312864262655
644 1.2330018845785982 6.133444795297187
645 1.2330419339360101 6.133498625117592
646 1.2333021315405943 6.13362799306418
647 1.233312313636602 6.133645748180151
648 1.2333655823069418 6.133889430164936
649 1.2334736218753144 6.133968612908357
650 1.2336930096185226 6.134244854378322
651 1.2341716570261998 6.134789064568397
652 1.2341870051504735 6.135187388590133
653 1.2345473182378877 6.135202910713973
654 1.2351658242499424 6.135474765941263
655 1.2352191973132447 6.135769668196243
656 1.2355820271370181 6.135778427681914
657 1.2357605889997054 6.135926943015146
658 1.2362133158876445 6.136388556986783
659 1.2362385908135565 6.136430408408878
660 1.2363160745036894 6.13653401953354
661 1.2363250660330412 6.136563268406041
662 1.2364939606648773 6.136758744066902
663 1.2366149271342257 6.137285830647378
664 1.2367239397471936 6.137472181460572
665 1.236782736956837 6.137514652598983
666 1.2368525280944904 6.1375891708874635
667 1.236935835751081 6.137758172979454
668 1.2369495369114152 6.138219618437772
669 1.2376033309957246 6.1383925690965695
670 1.2378072545125702 6.138407601985809
671 1.2380330535013686 6.138718451035676
672 1.2380988588046613 6.1390520932479395
673 1.2381751344061165 6.139076780632684
674 1.238608381498786 6.13908984326939
675 1.2387267491805265 6.139292880084001
676 1.2389648495875845 6.1395864713362975
677 1.2392356007585874 6.1398505145753814
678 1.239389635591428 6.139905114664229
679 1.2394512685970138 6.139906348439151
680 1.2396370637698757 6.139929353774471
681 1.239808390248383 6.140305596640617
682 1.2398953094754936 6.140706388476286
683 1.2405417566820391 6.1408703933104105
684 1.2407095352702562 6.140995036649042
685 1.2407311801543688 6.142071558726316
686 1.2409592991562703 6.142105470474402
687 1.241011194181724 6.142199186502293
688 1.2411920879071852 6.142692878428392
689 1.2412196661347086 6.142819920116485
690 1.2413648755420186 6.142929963378458
691 1.2418189549730723 6.143035373701355
692 1.2420666135661211 6.143089149269717
693 1.2428781767874273 6.143234447637245
694 1.243009787768901 6.143422568548974
695 1.2431379939862304 6.143849572516715
696 1.243142731844583 6.144086960590295
697 1.243322088421449 6.146092630364331
698 1.2433977961525233 6.146360310816631
699 1.2439415758653285 6.146512688653493
700 1.2442788834953846 6.147176372547721
701 1.2443939008791607 6.147333379105324
702 1.2444338267739128 6.147611642378825
703 1.245000249397119 6.147786904342774
704 1.2452479081760206 6.148419277159763
705 1.2452676698606646 6.1484367864374985
706 1.2454976554728132 6.148553579289367
707 1.2456216986054296 6.148778089801236
708 1.2457604212895868 6.148887836204412
709 1.2458467129897313 6.14897592745671
710 1.2466414351731316 6.148976141711299
711 1.2470269643458072 6.149501049083417
712 1.247691443410032 6.149520832261033
713 1.2480925197078583 6.149743395988659
714 1.2484107763585102 6.14989026670884
715 1.2486697145337788 6.150268704583813
716 1.2490208805450562 6.1503415104124
717 1.2491245481111455 6.150719434130903
718 1.2493481696635078 6.151077821899844
719 1.2493571775940644 6.151142075172607
720 1.2494562600905392 6.151180187506
721 1.2495504331759377 6.151228176987968
722 1.2498634264031607 6.1513702507907935
723 1.2501728988279683 6.151473673118021
724 1.2501762471609503 6.151734373957678
725 1.2503451489871884 6.152200605527764
726 1.2505599502829687 6.152237518419195
727 1.2507512948991326 6.152332062025859
728 1.2520801968272153 6.1523839344344635
729 1.2529442460575986 6.15245220728648
730 1.2530334431009087 6.152759747497269
731 1.2531415108742425 6.152927077532734
732 1.2531939162593138 6.153209077616793
733 1.2533938193873209 6.153367333401652
734 1.2535113334241526 6.1533678518162205
735 1.253787428618682 6.153672357533711
736 1.2547492608170856 6.154521456267904
737 1.2548598104415025 6.154620944467287
738 1.2548812875832038 6.154703800893121
739 1.254981413437351 6.154704293477651
740 1.2551252248819798 6.15485453749038
741 1.2554964221028133 6.1552965032787545
742 1.2554980137606004 6.15563393989152
743 1.2558024293809247 6.155839349147823
744 1.256108698961235 6.156247238175211
745 1.256146855466474 6.156735819150573
746 1.2564512458224706 6.156768182022841
747 1.256464928503298 6.156829731460121
748 1.257426685470514 6.156992170063981
749 1.2576201524198047 6.157112816968806
750 1.258128096327452 6.157250490349808
751 1.2581826711572401 6.157509376145801
752 1.2582217557713105 6.157719617785516
753 1.2582288468407588 6.157802049161509
754 1.2583976907270933 6.157828424616931
755 1.2593482274638645 6.157916790336573
756 1.2598099491369843 6.158049003665862
757 1.2598541133237149 6.158066272473039
758 1.260564520391628 6.1581456225877345
759 1.2606102964010963 6.158874222684645
760 1.2610409217659482 6.159630426685407
761 1.261544696131046 6.1597496837011345
762 1.2619755462861442 6.160638891193896
763 1.2621185630995542 6.161136708956767
764 1.2621634937353956 6.161270037124442
765 1.2624238540855213 6.1614749116369945
766 1.2627331690454757 6.161542086505047
767 1.262971073369877 6.161869600054725
768 1.2629984389218392 6.161926136603016
769 1.2630301295940427 6.162031659425713
770 1.2634731539555129 6.163278156523295
771 1.263658004183371 6.163321811656723
772 1.2637445209459297 6.163661408217532
773 1.2638386192648854 6.164078088395949
774 1.263902183797961 6.164279911456532
775 1.2639188577516236 6.164685285380146
776 1.2642005410598594 6.165031106338924
777 1.2646376018976762 6.165272549915111
778 1.265055857329244 6.165434075335831
779 1.2651634431273242 6.16653926349576
780 1.2654405972248055 6.166559338684805
781 1.2655259650861874 6.166958323245187
782 1.2657078333048606 6.167158404648586
783 1.2661305449979614 6.169121487529671
784 1.2665586309214112 6.169606531557694
785 1.2666158773588718 6.169912219671089
786 1.2668224882538737 6.170082141170321
787 1.2684334497342298 6.170459982658735
788 1.2684668869964475 6.171138442550386
789 1.2687016658209482 6.171650264958855
790 1.2687298234633966 6.171661328173325
791 1.268772853079492 6.172533898666338
792 1.2691901006030906 6.17276329867922
793 1.2692465423793013 6.172805878127547
794 1.26947159633717 6.172810570329931
795 1.2699497102629063 6.173024643281829
796 1.270377677724627 6.173166600824868
797 1.2706117930989342 6.173471155182174
798 1.2711830176145105 6.174307911609011
799 1.271317974972357 6.175154736538459
800 1.2714639353977644 6.175177178570514
801 1.271724447960524 6.175436033210882
802 1.2718377339419935 6.175473304386821
803 1.2719418614198854 6.176799790193458
804 1.2723084553924702 6.17687187283872
805 1.272423238863008 6.177057778431851
806 1.2725632988312807 6.177878459382584
807 1.2726589442616956 6.178103788347771
808 1.2727505005641195 6.178404770019846
809 1.272970120036711 6.178795839557622
810 1.272974758304872 6.178851120725847
811 1.2732656211929072 6.17903195235224
812 1.2756407672621666 6.179647621226183
813 1.2757674653626534 6.1802482076631735
814 1.276136333012921 6.180914148686357
815 1.276170785682572 6.181249660288473
816 1.2773761768102851 6.182221869863334
817 1.27772421610159 6.182336639441368
818 1.277920162408205 6.183160009518655
819 1.2791921207323287 6.183577493956794
820 1.2792503383172877 6.1837522459431185
821 1.2799298157573769 6.183911315542792
822 1.2811556619181754 6.184247530106455
823 1.2812008497456635 6.184913344898013
824 1.28138914656268 6.185532950264091
825 1.2814856254323927 6.18559233563804
826 1.281598443673427 6.185754003616525
827 1.2818423317702734 6.186254786469746
828 1.2832862054835488 6.187094553299184
829 1.2841677876669924 6.187629757621457
830 1.28448443268429 6.187678648633521
831 1.2845396598610836 6.1877287806852905
832 1.2845580970801167 6.188060532254512
833 1.2874325086183585 6.188186581119203
834 1.288822973427656 6.188646017137612
835 1.2892490138281372 6.189072793716818
836 1.2898284501444397 6.18954989012046
837 1.29039118857463 6.189634532610766
838 1.2907223311033458 6.189974252880667
839 1.2909545391739974 6.190048342718376
840 1.291038229855678 6.190547513715561
841 1.2912185493820538 6.19110908854734
842 1.2915374704771205 6.1914920967789975
843 1.2933959338407317 6.1916024852458635
844 1.2941562064325942 6.191969872523086
845 1.2944573104186834 6.1932898451401055
846 1.2955188224137286 6.193523899486146
847 1.2959134588858943 6.193678870089792
848 1.2959469554929004 6.194383094688858
849 1.297655782801742 6.194571430329438
850 1.2981646164174525 6.195170133686174
851 1.2996073714978231 6.195370870578335
852 1.2996649979564756 6.197168252296585
853 1.2998967579359233 6.197249059372208
854 1.3003939987798148 6.197605195104004
855 1.301191890631483 6.198323995713887
856 1.3013244763005305 6.198618065157248
857 1.301573470945607 6.198996403494483
858 1.3015889588175498 6.199055567817871
859 1.3021607016264196 6.199393843409826
860 1.302663270641274 6.200102907143988
861 1.303136078772255 6.201069554019031
862 1.30316727378551 6.201464745386264
863 1.3032822292876514 6.203428514125543
864 1.303456471968567 6.2035006813196425
865 1.3037819662116652 6.20450931905136
866 1.3048546435136703 6.204530645388476
867 1.3058277800715758 6.2046025186420355
868 1.3070346666713593 6.205737373229568
869 1.3076072513474208 6.206407361231942
870 1.3079056424967566 6.207458682703484
871 1.308221951535725 6.208432802555902
872 1.308775415120371 6.208501785869952
873 1.3094246251178003 6.208614053285967
874 1.3094638902204885 6.208753975133062
875 1.309759871971153 6.208957136288194
876 1.3099891083315314 6.209930523547144
877 1.311143943911588 6.210658438723591
878 1.3134902308253882 6.211312451162657
879 1.314133697126615 6.211648785304224
880 1.3168394156162986 6.212250724045988
881 1.3172898100581236 6.212564309358256
882 1.3180077565581123 6.213124061109536
883 1.3186856076331221 6.214833799870415
884 1.3188683521844615 6.215383060991468
885 1.3190182315834473 6.215555343904358
886 1.3192391961920988 6.2155675062103075
887 1.31938777378015 6.2157813815603635
888 1.3204943717306572 6.216023968433457
889 1.3222896308000116 6.216129501471277
890 1.322808743108784 6.2166677681573175
891 1.3228297367647925 6.216944479239435
892 1.322903923878182 6.216991331671122
893 1.3243084680546766 6.217295044583022
894 1.3269771424477166 6.220082635469011
895 1.3284282392886857 6.221048071120278
896 1.328696013471429 6.2210682718100765
897 1.3296017981137007 6.22154430391225
898 1.3297140524910183 6.223066691172319
899 1.3330384197968064 6.22441338680675
900 1.3342782014726593 6.225471672295311
901 1.335858193702702 6.226672012843446
902 1.3367088293452103 6.227238364072219
903 1.337398986616161 6.22794096798629
904 1.3411641625115274 6.228060476049739
905 1.3429107463294832 6.231558551804096
906 1.3445525501059938 6.232149470574623
907 1.3459640268081765 6.232592724147308
908 1.3462317849477277 6.233901192904416
909 1.3465174812945424 6.234366846834162
910 1.34813773634314 6.236170921222616
911 1.3498277892259851 6.236271194886366
912 1.3520854831581652 6.23962522323461
913 1.352173722200718 6.239644080743361
914 1.3543931457857517 6.2400605790107315
915 1.355742474562396 6.245778487398601
916 1.3583287980718253 6.248008991968118
917 1.3604947326141135 6.24864993573313
918 1.3649943137337777 6.250400006299683
919 1.3658688474846046 6.250913662919179
920 1.368795989862525 6.25170829401262
921 1.3725780343915455 6.2572345501340685
922 1.3764559233138451 6.264459186835443
923 1.3772592459769895 6.267335977237622
924 1.3867885550459922 6.269757963401385
925 1.3903781553522372 6.274736247840783
926 1.3927820911815443 6.276579023795923
927 1.3987538695779673 6.2891729015902875
928 1.4014490376591717 6.327698135800133
929 1.4207610030526103 6.328363082763248
930 1.443603282958228 6.34255280701372
