0 0.10608086034424563 0.1836532931355913
1 0.21695931746467262 0.19538883595530981
2 0.23369044387475735 0.19755924763213173
3 0.2377279250535554 0.21509303781674827
4 0.24168011885967627 0.22640098321199853
5 0.24527575280901565 0.23091770524398364
6 0.24632448632954246 0.23792185014719386
7 0.24900684220987507 0.24116042003682414
8 0.25513031289164545 0.24684739368673547
9 0.25837464541445077 0.25414938619128236
10 0.26297893447041115 0.2682910710132568
11 0.2645686623871474 0.2729906132605266
12 0.2649789105606256 0.2770871083699007
13 0.2668021339094896 0.28773774880990527
14 0.2676037663484207 0.2887419358977581
15 0.2756547590969417 0.2905726235503303
16 0.2773711660915287 0.29243116545144143
17 0.27816824042878097 0.2930980611475375
18 0.2827666616037612 0.301816168794939
19 0.285306745295139 0.3037304392960465
20 0.28727892499950336 0.3042107658806711
21 0.2876875627930163 0.3044332253281625
22 0.29664481955500654 0.3073490403071017
23 0.29719415920256154 0.3113019162958093
24 0.2975430941164632 0.3136966692604285
25 0.30694527855293274 0.3164262187351108
26 0.3080490139647032 0.31905169032283665
27 0.3087854113936297 0.3196253228864271
28 0.30942448038924975 0.32142730633326005
29 0.3108625209776884 0.3225594067965486
30 0.31316749026593926 0.32347368702177026
31 0.31338749374471975 0.32359309987132556
32 0.3133890383148621 0.32479039132738075
33 0.3175240145557002 0.32778866897029524
34 0.31872086644934894 0.3305992227591513
35 0.31951076630857933 0.33208110316796424
36 0.32121909302007345 0.33371170225592106
37 0.3223983790853122 0.335998021711447
38 0.32288379857164096 0.33734739928212143
39 0.32303814156206456 0.33946880586283934
40 0.323725633113917 0.34130365210167046
41 0.32570242078220263 0.34132146122293877
42 0.3284290550680454 0.3435859363393432
43 0.3284335313570792 0.34452482657058026
44 0.3285203958692536 0.34496884697073116
45 0.3327431825445736 0.34566885394949076
46 0.3331126617140341 0.3462022801610142
47 0.3340831357253796 0.34856071835785285
48 0.3353503447620636 0.3486607284136073
49 0.33581617862481306 0.34870520656523496
50 0.33683980913887923 0.3512350764883229
51 0.3374931356957538 0.35125736234017935
52 0.339665923843682 0.35154210869306357
53 0.3398164016147557 0.352004028882531
54 0.3401463139169538 0.35263513518421186
55 0.34084252042384366 0.35311090408351564
56 0.3409362329940493 0.35385568319309546
57 0.34126619682620674 0.3543945586994367
58 0.3413291473126666 0.35472068405941376
59 0.3419642201355376 0.3568281258841174
60 0.34332153032300844 0.3579003224027912
61 0.34350479775948806 0.35808130164306107
62 0.3437021803391441 0.35821713299985547
63 0.3451087505149041 0.3582613100111214
64 0.3466115814470203 0.35918154394206037
65 0.34758006064846647 0.3600776162763346
66 0.34762099638068034 0.3619894644498335
67 0.347689274062245 0.3627983219224227
68 0.34873348913884766 0.3630640419698633
69 0.349827743912588 0.3635399625290955
70 0.3505284348239545 0.36450367501016967
71 0.35068527640184355 0.3675097804010232
72 0.3507139198782877 0.3679555101839705
73 0.35265206595357557 0.3682424789822077
74 0.35344434257201895 0.36861629023993436
75 0.35381669279581973 0.3694535318883697
76 0.354410105330181 0.36970597167494856
77 0.35483722966790776 0.36977295282812594
78 0.3551380548043386 0.3704301033455393
79 0.3558971410848735 0.37103382312978384
80 0.35685817596506564 0.3721284767762788
81 0.3576652076505411 0.3726913652686338
82 0.3584270965634101 0.3731618892521489
83 0.3596455360860855 0.3735864738414537
84 0.3597348086438399 0.37381950131241803
85 0.3598989638449701 0.374403311121272
86 0.36053886997723933 0.37468099970072866
87 0.361026005532714 0.3750637990938647
88 0.36457492351626225 0.37583310078033216
89 0.3659562211898742 0.3759392683517493
90 0.367067332968676 0.3766239855313459
91 0.36722126372881586 0.3766842283655184
92 0.36765947374925806 0.37779288952970613
93 0.36831578355131334 0.37828603596327737
94 0.36858203701001735 0.3785166480093609
95 0.3690162124232744 0.3787643899685169
96 0.3691045304166709 0.3790847588005458
97 0.3694711803136841 0.37935353159886986
98 0.3697897672905358 0.37952643676592557
99 0.37189261176889443 0.3806861193567087
100 0.37210146289588136 0.38083147412382407
101 0.3724796789854574 0.38087462717467446
102 0.37251051104232613 0.3816352152975033
103 0.37270699500556126 0.3818569611388422
104 0.37294227217113113 0.3820375791493968
105 0.37382095922254227 0.38261655571069664
106 0.3767981721574767 0.3831338776451781
107 0.3782016992723101 0.3836861530447409
108 0.37965197745599594 0.3841481454980573
109 0.3804082694094538 0.3842086027298291
110 0.3807608536006325 0.3845970996208389
111 0.38219959903237744 0.3848360034228473
112 0.38375556832921454 0.38551278820596324
113 0.3843635505629321 0.38665791333381583
114 0.38438257662120384 0.3867583363983189
115 0.38457484032671674 0.3871228319489372
116 0.38466835596994303 0.3878003255768765
117 0.3855787756665022 0.38781111682850605
118 0.3860057262682382 0.3880652593995822
119 0.3868723295680043 0.3884472765316355
120 0.38743938373437364 0.3888337097258189
121 0.3875824054475711 0.38911205025493006
122 0.387715262146168 0.38957199919549684
123 0.38812000917375844 0.3897856082221652
124 0.38826211593328125 0.39000814602106015
125 0.3894995332511447 0.39003953851475676
126 0.39009968316472654 0.39031489499439326
127 0.39090925704889373 0.3908198519564281
128 0.3916898661245738 0.39147241072895
129 0.3918445754367544 0.39194142143977717
130 0.39199231402370055 0.39287395709587997
131 0.3920303299581394 0.3930246401358518
132 0.392564041107762 0.3933664330586648
133 0.39282799400923507 0.3936871539046928
134 0.3933820105238407 0.3938013613049562
135 0.39576631798646245 0.3958198585803139
136 0.3958631396790646 0.39591723730618916
137 0.3963413189597638 0.39659993893456585
138 0.3963952570314584 0.39713841024123064
139 0.3974844073602505 0.3972965409976137
140 0.39860241877402114 0.3974061662735775
141 0.3987122580275415 0.3975062289995496
142 0.39912948393557146 0.3977596145571796
143 0.3991699897654181 0.397805275025713
144 0.40088431047004713 0.3981976042542774
145 0.40096377202479033 0.39853833806024974
146 0.4011793180075724 0.398858485585819
147 0.4012399165808603 0.3990032095345127
148 0.4033167027278197 0.39937503311598643
149 0.4034380545806065 0.39995399900014156
150 0.40364804848349084 0.4002704206979985
151 0.4038676702282746 0.4009252214071948
152 0.4039739122633422 0.40140115930539666
153 0.40480113303475057 0.4017054483133291
154 0.40482123688175187 0.4023406943409207
155 0.40511168417393884 0.40252894915160786
156 0.40606817407623447 0.40320728609836487
157 0.4062827766035132 0.40327683592819846
158 0.40648212670970707 0.4040609356216074
159 0.40680626632626476 0.4047242082721073
160 0.40760340083006286 0.40511156494780776
161 0.4085967103392836 0.4056320473366707
162 0.4088698808934112 0.40603216226297145
163 0.40956103951917966 0.4063992932990744
164 0.41138237150664175 0.40658471830458515
165 0.41268993104898255 0.40687604030030455
166 0.41310291196977755 0.4072141060797782
167 0.4131386669164615 0.40748908404822903
168 0.4131499404174275 0.407948240563217
169 0.4135566349735576 0.41048239001053666
170 0.41408204428332596 0.4109083065821874
171 0.4144938660411235 0.411431105387971
172 0.41459944987142905 0.4121018969663807
173 0.4149158465116826 0.41265144020222544
174 0.4150679892005896 0.4130917201420411
175 0.41508062355153075 0.4136770517821967
176 0.4159867215915062 0.41483405616602836
177 0.4163689002360625 0.41563041320689303
178 0.4171806679548636 0.41594517042626333
179 0.4174915939898075 0.4161653552443214
180 0.4175844724096284 0.4163103480917141
181 0.4176173515068953 0.41656077353129234
182 0.4185752812259823 0.4167391088538444
183 0.4187573745083387 0.4168672233867754
184 0.4190590783160606 0.4169200611297485
185 0.4194412926051677 0.41701771036799834
186 0.4198504126697544 0.41934136970488145
187 0.4206419355635204 0.4196093788620927
188 0.4207670951764887 0.41974059322574314
189 0.4208402815761794 0.4200141680879519
190 0.42124625541832406 0.4200405500129957
191 0.42130211540854356 0.4203949983530738
192 0.4214998341202053 0.4204924332651501
193 0.42186706109724226 0.42080451284614423
194 0.42245151374543993 0.42098901301438674
195 0.4225324418342333 0.4210000586174429
196 0.4226363591631299 0.42100332246259947
197 0.4229872330993121 0.421113173481824
198 0.42387853162146494 0.42121048383319054
199 0.42535624768758085 0.4214646687789164
200 0.42540341023847705 0.4220687751190022
201 0.42548578835802225 0.42223619854169386
202 0.42549244920270873 0.4224883849790695
203 0.4257637660393676 0.42314008959434657
204 0.426782840115573 0.4234786083121924
205 0.42728377041100396 0.4236504176154149
206 0.4276922184935041 0.42376906759475713
207 0.4280046326539041 0.4239434054462646
208 0.42836221032429284 0.424037376698342
209 0.42843528322081137 0.424147017498558
210 0.42940030936317797 0.42427615539962915
211 0.43054946727210325 0.4246367876992458
212 0.4312038046083531 0.42492199147993437
213 0.4316703055332433 0.42529469121279034
214 0.4318607840073799 0.42619538664870227
215 0.4321389326733764 0.4264103467058762
216 0.43277323687860464 0.4264783696588228
217 0.43303923824079027 0.42659097994338874
218 0.43358304977995626 0.4269223158254496
219 0.4339719014195616 0.4276190331682922
220 0.4339986705619546 0.42765883014382855
221 0.43422732055656815 0.42784890609391873
222 0.4345930169232587 0.4282142177108139
223 0.43480479804447936 0.42850741854020147
224 0.43502918922712464 0.4287771174181685
225 0.4353699859255596 0.42880004508370817
226 0.435617107529008 0.4289651797981804
227 0.4357823639725434 0.4293200628584282
228 0.43650397620165815 0.42946971034519443
229 0.4365972274282881 0.4299468961864181
230 0.43659939853899016 0.43033992236133245
231 0.4366058304735778 0.4303962193634025
232 0.4366799739212831 0.4308051565549747
233 0.43687045814750786 0.43110163492615183
234 0.43713142199912564 0.43155643790101605
235 0.4371848749154026 0.4316383492792895
236 0.4372287901041618 0.4316725247360681
237 0.4372441717166608 0.43209692354511847
238 0.4375677982177492 0.43273181473096894
239 0.4376744212309974 0.432758310154698
240 0.43778726875775853 0.4333766557385349
241 0.4379146042683298 0.4334322840984635
242 0.4382143054375435 0.43418246900082996
243 0.4392727346219887 0.4342325860215827
244 0.43959345728960275 0.43431214282616504
245 0.43987716350547323 0.43431224316604367
246 0.43989824698963903 0.4343444177074697
247 0.4403918112500799 0.43502675478743474
248 0.44060703691408765 0.4351924465928878
249 0.4407034387595966 0.43590065158648417
250 0.44110844968964286 0.4359031578894039
251 0.4412190618013331 0.4364644666479459
252 0.4412815940613487 0.4370556985716588
253 0.44142787695246016 0.4373491099813618
254 0.44191353119465937 0.4375952248475386
255 0.44210848122900914 0.4376087292337589
256 0.44247712375128734 0.43772727670760736
257 0.44277354472863195 0.4391888118864363
258 0.44304848686864917 0.43999739171426927
259 0.44322268502634393 0.44012737609497243
260 0.44343058336167696 0.4405550924632099
261 0.4438830904997708 0.44085809900915013
262 0.44437311599553175 0.44106655920329835
263 0.4444740363252897 0.4418245846747592
264 0.4445254545751103 0.4424870780797851
265 0.44491486120698304 0.4425187891246554
266 0.4450574243776247 0.4428201840441715
267 0.4460693577305165 0.4428831608347917
268 0.4464172804925167 0.44294289727495934
269 0.44654108286046573 0.443511714495744
270 0.4470030207400633 0.4435161257187131
271 0.44706751256527466 0.4440536678142127
272 0.4477345434835 0.445050341711402
273 0.4478069464889367 0.44506755563776934
274 0.44852389725744496 0.4452123412858808
275 0.4491564122709868 0.44541287169166605
276 0.4496199644388309 0.4466060143077207
277 0.45010384294950906 0.44699868776947604
278 0.4508334821788907 0.44713119277607083
279 0.4516567706792348 0.4474914408355004
280 0.4517316840263687 0.4475169893096106
281 0.45248154977022376 0.4477421846668023
282 0.45261704735695113 0.44830576773924663
283 0.4539375267795369 0.44859945038414367
284 0.45398124938545076 0.44887240010404084
285 0.4542001073519219 0.4488986324273015
286 0.45420336601209543 0.44930804224026366
287 0.45429887108203315 0.4500813925292076
288 0.4549979865895133 0.45025670197446543
289 0.455145463569615 0.4504379571252411
290 0.45517876610017044 0.45055666558547863
291 0.45519885038798513 0.4516407904252745
292 0.45526833205538375 0.45221243551877577
293 0.45681814757518013 0.4524364408246896
294 0.45694016624491374 0.45293751148466055
295 0.4573032317456909 0.45310745779037626
296 0.457805720681032 0.45320736331272027
297 0.45807847935045987 0.45363503467910476
298 0.4581390060838211 0.4540903744024142
299 0.4582871474889323 0.45411131076780054
300 0.4585218111530468 0.454469460790435
301 0.45887357780837607 0.4550857505338768
302 0.4594456478675907 0.4554344700903251
303 0.4595690791220995 0.4566993621567346
304 0.45991019962393154 0.45705841646925016
305 0.46019758941700745 0.4571566190382785
306 0.4602734810888922 0.4573864000231014
307 0.4606506424190405 0.45785767427048635
308 0.4607649907847363 0.4584155402239804
309 0.46083014740526307 0.45872233169619253
310 0.4608553564160796 0.4587787925814455
311 0.46104541841399327 0.45883406034418445
312 0.46154117973388437 0.4590094301315292
313 0.4618040223099613 0.45901208616969025
314 0.46197834803929877 0.45924733377852245
315 0.4624578356579027 0.45934599201655973
316 0.4627268038656865 0.45944410688291004
317 0.462738155321979 0.45945337477832227
318 0.46330192488851385 0.45947953450693874
319 0.46337027863650826 0.4594956985042247
320 0.4634720711625449 0.4595113797390361
321 0.4643375722346587 0.45973656598326373
322 0.46435407090502 0.46002466791832597
323 0.46477987352515443 0.4600854024909927
324 0.4648011170130827 0.46016761652527527
325 0.4648148401219108 0.4602030604555461
326 0.46547099378228396 0.46078275714460926
327 0.4656234034684468 0.4607886962518042
328 0.465878265240029 0.46165086099357844
329 0.46622747482807625 0.4617722206825151
330 0.4664032288849393 0.4619796183228754
331 0.4664040213231181 0.4624694931459682
332 0.4666452657189952 0.46283114521752167
333 0.4667584861997879 0.463142477257419
334 0.46714105308531706 0.46320860863186375
335 0.46772179124207863 0.46359593896961954
336 0.46803853824069225 0.46381846529444537
337 0.468332110258464 0.46417782249362616
338 0.46851388710093345 0.464552246598563
339 0.4685624932828524 0.46483079986138826
340 0.4686925493822115 0.46523959353943856
341 0.46906245145924885 0.46539125574906837
342 0.46908115940404915 0.46609775584892027
343 0.46941182043720875 0.4671551595528137
344 0.46980859970815614 0.4671707315658816
345 0.4712635094593261 0.4673537725193311
346 0.4714698998657791 0.4674972577719108
347 0.47152210653622256 0.46766932580608
348 0.47163154053967954 0.4679788745830441
349 0.4716922735092898 0.4679924807872372
350 0.4718211985342107 0.4680249469373211
351 0.4721239230781864 0.46909450511339557
352 0.4721579528024452 0.4694280534177885
353 0.47296450255550654 0.469560740941461
354 0.4729966556783334 0.4695770145438608
355 0.47347485611690265 0.4697011058114173
356 0.4737996287435497 0.46976924472551784
357 0.47466377520724773 0.469970714240242
358 0.4751901830628327 0.4701543095509179
359 0.47532834738077623 0.47029942874044905
360 0.4757776177980745 0.47041137741907507
361 0.47624742112676516 0.470497683767889
362 0.47631909467742173 0.47109948342434904
363 0.47677129042132504 0.4717743046286067
364 0.4770444477490678 0.4718593422547667
365 0.47720938758180725 0.4721101477063266
366 0.47752990056924377 0.47252793904299706
367 0.47817341683580616 0.47275399935940965
368 0.4784861252013099 0.47281421382999406
369 0.4787663555964075 0.4728856016877016
370 0.47886852177747913 0.47304645224559144
371 0.4790915170574594 0.47320223851242305
372 0.4792392067706592 0.47330885455884636
373 0.4792991905192214 0.4736029825979712
374 0.4794373613003922 0.4738509129745293
375 0.4796278133703447 0.4752642417133165
376 0.47963381895579627 0.47552030939875567
377 0.47971730497366954 0.47617866066580056
378 0.48047776740843445 0.47694022426568067
379 0.48054207123685927 0.47699760674198766
380 0.48075442355403236 0.47700620649220193
381 0.48080390244395294 0.4770741925655047
382 0.4809731485060332 0.47713069642643513
383 0.48115855114540385 0.4771635183489759
384 0.4813189518745912 0.47726217636337964
385 0.48137264648721906 0.4776285531344569
386 0.48230876012303653 0.4777086086472878
387 0.4829696876062142 0.4779947537238067
388 0.482981858536771 0.4780857248562662
389 0.4831885050291742 0.47820363631815904
390 0.48381162606199485 0.478321532649302
391 0.48411896032739976 0.47834089678144215
392 0.48446775091340305 0.47844435923519846
393 0.4846204360887291 0.47864158777400734
394 0.48480124959938714 0.4789511795707864
395 0.4848857523280196 0.47928016798263295
396 0.4849497115814679 0.4792938630349126
397 0.4849922981691075 0.47948500626239704
398 0.4852079036048571 0.4797795759186354
399 0.4855991349487705 0.4804802797785052
400 0.485827090097428 0.480619847261379
401 0.4860169574662157 0.4815173583255167
402 0.4861510526607874 0.4815226350593896
403 0.4861779330030055 0.48153907287787334
404 0.48617849920276895 0.4815857563515319
405 0.48642587303142537 0.4816079764185014
406 0.48659333073362177 0.4817297899195458
407 0.48722341075908615 0.48172997253630934
408 0.48731956405995025 0.48221117034994193
409 0.48732664927234753 0.4823170917388516
410 0.487327235671947 0.4826382077538325
411 0.4878704632114392 0.4836264099763576
412 0.48808010876427027 0.48368505913334153
413 0.4880847997994312 0.4837335335923027
414 0.4886599859742937 0.4843521059198627
415 0.48916536740586075 0.4844919991685329
416 0.4894667171803179 0.4847988644619933
417 0.48964220811579584 0.48514351204096356
418 0.4896516903657227 0.4853763073024154
419 0.489684771483953 0.48542828019038237
420 0.489712112138694 0.4855018695400604
421 0.48989482596665807 0.48581642530123553
422 0.48999683425347873 0.4859181687209762
423 0.4902995113101922 0.4859513767884569
424 0.4905925257748483 0.4860567324291232
425 0.49097933457978926 0.4860645911609565
426 0.491117875455734 0.4861535012311015
427 0.4916089852661294 0.4866471200653781
428 0.4917679274311057 0.486822869607316
429 0.49191619214648413 0.48697715811834347
430 0.4921088741990214 0.48699258584793254
431 0.4922125345788014 0.4872619806367108
432 0.4924865465381226 0.4874013251453173
433 0.49259373634483555 0.4875781772193979
434 0.4925958648551964 0.4881997762838609
435 0.4926528659673736 0.48824042033411913
436 0.49327247362664745 0.48849618486709456
437 0.4933726744818367 0.48935555450357826
438 0.4939104419796354 0.4893810203567551
439 0.4940966233717659 0.48944232310005803
440 0.49482411759688344 0.48978552936623265
441 0.49525010673903375 0.48985446464593735
442 0.49532190080478333 0.48999813985411184
443 0.49568099519729436 0.4903636469321416
444 0.49574936258756486 0.4904650797383343
445 0.4958094521437665 0.49054010289770456
446 0.4961847243905608 0.4908270982081444
447 0.49671376824388347 0.49087204264394463
448 0.49696713057421454 0.4911415082075055
449 0.49705412288080403 0.49139563972133293
450 0.49807733069654914 0.491433215545024
451 0.49808800174755263 0.49155232502199975
452 0.49830357924865454 0.4919174432047119
453 0.4985436384281569 0.49193220018720346
454 0.4988274930004241 0.4924662430116605
455 0.4991264329508948 0.4925026504065211
456 0.5001337026842689 0.4925787660313058
457 0.5001629100772826 0.4927945174502853
458 0.5005080361187767 0.4929048696994701
459 0.5005487994251623 0.49311589805258516
460 0.5005612860277292 0.49315049035361025
461 0.5006590659721645 0.4931811896688916
462 0.50082416146454 0.4932619681582632
463 0.5010801464959396 0.4933902020807632
464 0.5019075310694461 0.4938722947884625
465 0.502249153495461 0.49409881116249654
466 0.5039018953151377 0.49453824849905187
467 0.5041327958308914 0.4956132797872664
468 0.5042325161378587 0.4956539569198697
469 0.5043952220618309 0.4956737479787716
470 0.5047281453328071 0.49579644415791746
471 0.5047386585027948 0.4964463737474382
472 0.5051311717233538 0.49645347934175693
473 0.5055329459218214 0.4966641792602597
474 0.5055568923788888 0.4966691475787929
475 0.5056495103786263 0.4969130371502469
476 0.5062421687136899 0.49728358768359854
477 0.5063836108088701 0.4977587488661511
478 0.5065222439460493 0.498047713174623
479 0.5065792080050485 0.49821818954640906
480 0.5066456386424981 0.4984932007366477
481 0.5066924927572113 0.49860113898522
482 0.5068487369792762 0.49911035239995605
483 0.5069389923036148 0.4992060800306931
484 0.5070691090852388 0.49961265337660044
485 0.5070898359958534 0.4997104623895664
486 0.5071969776557849 0.49991559568349647
487 0.5073503268526595 0.5002410356825466
488 0.5075619907182173 0.5004944160609106
489 0.5076135794306298 0.5007969619271779
490 0.5087946317925778 0.5008804758587253
491 0.5096386580170147 0.5011407728187384
492 0.5098890494508378 0.501493707368395
493 0.5105502278528642 0.5015698636860754
494 0.5106614453420307 0.5018806345402878
495 0.5111451847200177 0.5030134636768866
496 0.5112933289647194 0.5041256455365688
497 0.5117634392547532 0.5043144972869708
498 0.5119957930697205 0.5045289565630069
499 0.5121041824329793 0.5056849401608463
500 0.512467367261762 0.505826484983797
501 0.5124787996606667 0.5059455546170084
502 0.5126988967022731 0.5065130305549498
503 0.5130056374304441 0.5067010387403562
504 0.5130804460798422 0.5067061835360709
505 0.5131589529402655 0.5068914908446085
506 0.5133754556084771 0.5069445672711941
507 0.5137649112556347 0.5069968329173433
508 0.5141053306604142 0.507369369508722
509 0.5143040262205001 0.5073989839945074
510 0.514355353853714 0.5074629408275874
511 0.514984322705125 0.5076138039968319
512 0.5152414345897633 0.5077528724001839
513 0.5153944773317003 0.507880856006123
514 0.5156344946203831 0.5081866655895472
515 0.5156902009711026 0.508319879110171
516 0.5159173603821349 0.5087489148631903
517 0.5163280269740329 0.5088914800280431
518 0.5163630732748624 0.5090267015541149
519 0.5171973560272993 0.5098308132221375
520 0.517367558440872 0.5098843129586808
521 0.5175509585107908 0.5106031567378321
522 0.5177985148163192 0.5106912652774585
523 0.5178452874063958 0.5107413495843581
524 0.5178479642897894 0.511167779157513
525 0.518183761548788 0.5116260059416396
526 0.5185076716595037 0.5117362890156799
527 0.5187974421396522 0.5117478014776033
528 0.5189780935217413 0.5119546989062115
529 0.5192798964135968 0.5122673776442089
530 0.5199328393283001 0.5129102752909815
531 0.5200726489606666 0.5142464586107076
532 0.5200875299903506 0.5145109272390651
533 0.520102245004248 0.5147111526987407
534 0.5205731436686404 0.5148578417993614
535 0.5210225367999212 0.5153010449957591
536 0.5213758411812267 0.515356541991586
537 0.5217553598619509 0.5157550438236002
538 0.5218044307546943 0.515930024432364
539 0.5220418182533701 0.5163687999208029
540 0.5224127750183758 0.5170566941468999
541 0.5224347544473649 0.5173975389573956
542 0.5225531023902307 0.5174646597804387
543 0.5226200550776515 0.5177793345455677
544 0.5233646428958385 0.5179038869031856
545 0.5235351166844998 0.5185013326942791
546 0.5235631435256366 0.5185402068825777
547 0.5238957348858925 0.5187746622501304
548 0.5239028436128503 0.5194757477677148
549 0.5244961411352848 0.5200916708469157
550 0.5247346194749408 0.5204679241957768
551 0.5250333577378311 0.5208892838616733
552 0.5265243913370697 0.5210824281774555
553 0.5274956183942157 0.5213099549604879
554 0.5275254042368906 0.5213614644738688
555 0.5276772785995328 0.5214173660101084
556 0.5279233405551775 0.5216760455004654
557 0.5282173778972136 0.5216847900848106
558 0.528267285233747 0.5218455422772333
559 0.5285201495008515 0.5221840391088979
560 0.5292328417220747 0.5226705944875453
561 0.5292447972084244 0.52278870510234
562 0.5294296602476151 0.5227970608946443
563 0.5295535891464649 0.5229262396151895
564 0.5296769739333557 0.5231733729693931
565 0.5300379803404294 0.5233881324969765
566 0.5301878786167177 0.5235748849006933
567 0.5304958697873176 0.5238863460587758
568 0.5307120332718025 0.5242687247552147
569 0.5308207003152715 0.5248487890148507
570 0.5310996441023136 0.5257152580354788
571 0.5319040901944605 0.5257824421430319
572 0.531930909692138 0.5258046979484784
573 0.5323084379762137 0.5261106274565257
574 0.5329814074508256 0.5261822560498495
575 0.5330359543892129 0.5266249216683998
576 0.5330819750637196 0.526856381215136
577 0.5334354614080707 0.5269601543909175
578 0.5334791482278672 0.5272702480642145
579 0.5337950902750048 0.5272765320007269
580 0.5339331070908424 0.5278315464708245
581 0.5342376895269614 0.527934867334536
582 0.5343861049225904 0.528260013744216
583 0.534766456693919 0.5290704346597213
584 0.5353516471086729 0.5296587678700007
585 0.5354051524307484 0.5297845857521132
586 0.5354210604623993 0.5299433052455049
587 0.5354663276450691 0.5303074160758078
588 0.535533687466877 0.5307029227607898
589 0.5356974548678564 0.530924643616504
590 0.5359112678430554 0.5310527715590238
591 0.5367636304576013 0.5312891253133104
592 0.53682845207975 0.5317606150633043
593 0.5369090742522895 0.5318316788079441
594 0.5369465317238226 0.5320065810140386
595 0.5370710577418802 0.5321153649597269
596 0.5375088846083427 0.5322339012322372
597 0.5376882115343289 0.5323946444986395
598 0.5377677945576663 0.5332179481833262
599 0.5379804163064499 0.5332285210993619
600 0.5380635323353498 0.5338519343753426
601 0.5381891593097007 0.5342996392857264
602 0.5392897521174067 0.5343556882866601
603 0.5394535143521341 0.5346511468971157
604 0.539508060750214 0.5351265619192487
605 0.53953968520252 0.5352565974820608
606 0.5399261916580971 0.5355872263119474
607 0.5400963243430857 0.5363280226517222
608 0.5405508132189851 0.5364970613928598
609 0.5410278760701931 0.5366996916641562
610 0.5412466792460976 0.5367294047844106
611 0.5413369173961337 0.5369280934266148
612 0.5413590709836559 0.536968578785431
613 0.5413720374863318 0.5372124999480674
614 0.5414426543078318 0.5376969196785822
615 0.5415217446466928 0.5378809053732035
616 0.5419719493647194 0.5387559538772732
617 0.5423352651890456 0.5387591465986645
618 0.5424300071613956 0.538898596464931
619 0.5426669463997875 0.539272690988563
620 0.542989018955372 0.5401825597506288
621 0.5430064947978592 0.5405072153302838
622 0.5433381474510217 0.5406989725777058
623 0.5435474992806558 0.5422755459974714
624 0.5436669882346279 0.5424481004501616
625 0.5440362647306524 0.5428582075678284
626 0.5441490756997142 0.5428635220409403
627 0.5442291304698053 0.542891431183203
628 0.5443377278799371 0.5430101474777473
629 0.5451500104145022 0.5436599334365702
630 0.5461577329478344 0.5439675896550307
631 0.546351813424899 0.5446906151602555
632 0.546610070715203 0.5446907083454592
633 0.5469165545253889 0.5447779948489546
634 0.546933706074528 0.5448394417505891
635 0.5472307813902447 0.5452944858144054
636 0.5475875709802689 0.5457293082678216
637 0.5480185413603824 0.5460807972453326
638 0.5481198551700023 0.5464930008001849
639 0.5484633445403744 0.5465883228846705
640 0.5485253190065691 0.5466445046690849
641 0.5485519742695133 0.5470414441588709
642 0.5486092673677193 0.5477344097305772
643 0.5496176568563363 0.5481369456788474
644 0.5498567405108674 0.5482105952567534
645 0.5502975085305402 0.5487330241574592
646 0.550430548033315 0.5487773281334571
647 0.5507166672991531 0.5489319616336789
648 0.5507301860383671 0.5490281374499935
649 0.5511220536031475 0.5490667405895877
650 0.5513483685297168 0.5490898783327236
651 0.5514697822873442 0.5492554110076316
652 0.5517955254293784 0.549773040225141
653 0.551895213727161 0.550009753134988
654 0.5520513861183192 0.5501402016537676
655 0.5521011930264476 0.5503206668236816
656 0.5521177398375401 0.5503694462820548
657 0.552806414190094 0.550461935641189
658 0.5529982356021973 0.5505115462720137
659 0.5530653465891748 0.5505336905469959
660 0.5533974405238781 0.5507659700412614
661 0.5535510096341145 0.5508630703693301
662 0.5537493013981848 0.5508917436619116
663 0.5538836152538665 0.5509216179064267
664 0.5541182019265571 0.5512095688545791
665 0.554259528330165 0.5512934267504646
666 0.5550183658467239 0.5513153622966568
667 0.5551733158981957 0.5516150248776442
668 0.5559795191777013 0.5527287747027219
669 0.5561470468855776 0.552843322366425
670 0.5562790709274557 0.5528899509165123
671 0.5563420605856426 0.5533004048870731
672 0.5563863511834383 0.5536400813311884
673 0.5565596202409131 0.554699998888009
674 0.5567400620003001 0.5551043562301508
675 0.556856368826785 0.5551640821199606
676 0.5581909534547838 0.5552164678179575
677 0.5582085026980903 0.5554231208614796
678 0.5583694461340403 0.5558508644353602
679 0.5585306026571796 0.5565434429731838
680 0.5590361475176229 0.5568200465007724
681 0.5591118682188736 0.5575516118291354
682 0.5591531832515605 0.5578225324821389
683 0.5591839096143957 0.5583006805340064
684 0.5601045595277083 0.5584105071586194
685 0.5601626321572333 0.5585834759242415
686 0.5608579523839937 0.5595957672430263
687 0.5609017864538492 0.5600968993131822
688 0.5617135653274903 0.5601955868980443
689 0.5617219614671868 0.5604715637252772
690 0.5617434536929575 0.5605687992310046
691 0.5620266634367821 0.5611791520908511
692 0.5622461716075766 0.5612067153025001
693 0.5627396985594033 0.5616079356391765
694 0.5630129103067903 0.5623238850866217
695 0.5631363970037552 0.5630685404684422
696 0.5632547313827049 0.5631150742315656
697 0.5632630706751877 0.563315088988369
698 0.5635968212292426 0.563486608460428
699 0.5638452843743569 0.5635189193341636
700 0.5640086690516061 0.5637064677477112
701 0.5641777768213388 0.5637926846350185
702 0.5642336053859713 0.564125221166728
703 0.5642468233342007 0.564216996392051
704 0.5651195612013625 0.5650676888379387
705 0.5655211767843292 0.5658276905036487
706 0.5657365692795568 0.5660260781175509
707 0.5659723738435187 0.5661418580053671
708 0.5660246103538359 0.5665877943113026
709 0.5661798518573171 0.56670419810081
710 0.5663246723531826 0.5667515242100956
711 0.5664688175433356 0.5667724178958098
712 0.5665918742772343 0.5680304178260704
713 0.5666393724595593 0.5681225645075917
714 0.5668080486864399 0.5681753007573678
715 0.566981350184981 0.5685056225192976
716 0.5670399399332068 0.568543087038338
717 0.5676163354675976 0.5690830724715027
718 0.5683797390690088 0.5693144769865176
719 0.5684681960803935 0.5696405984749849
720 0.5688460237598942 0.5702516145962806
721 0.5688580800420463 0.5709826720809243
722 0.5696710050752739 0.5711338092659293
723 0.5700760757506572 0.5714680927206557
724 0.5702251402885676 0.5715458416318269
725 0.5703656707941339 0.5723258701337856
726 0.5707014123797512 0.5735140160802287
727 0.5708523586137313 0.5739070782838072
728 0.570932106148893 0.5739371717125478
729 0.5712384920229329 0.57556612240437
730 0.5717243904392029 0.5757117242894567
731 0.5718460145906352 0.5757414541218074
732 0.5718648666222715 0.5760129796918443
733 0.5719454962486438 0.5763900618326818
734 0.5719833879638675 0.5766339188308962
735 0.5723013742014956 0.5768425951521461
736 0.572552773799712 0.5773559667144559
737 0.5727634837817056 0.5773668945015452
738 0.5731800151807451 0.5784965765497229
739 0.573889230468321 0.5790326054202253
740 0.5742776274384264 0.5791939496722576
741 0.5743824634466004 0.5792151371090352
742 0.5751620660022094 0.5793459179467739
743 0.5753430737747087 0.5796342862236096
744 0.57543967794352 0.5804100516022472
745 0.5757396514743413 0.5805768475532249
746 0.5760295781617222 0.5816679330939496
747 0.5761291887187252 0.5817334821918898
748 0.5770086780769728 0.5822991316500282
749 0.5771772753505111 0.5824438734912956
750 0.5774611584141578 0.582474644313651
751 0.5777755158588932 0.5825297440698926
752 0.5778870336430694 0.5828094465121142
753 0.5779775052395887 0.5833160361924595
754 0.5781821588194354 0.5841212071574706
755 0.5792640009727362 0.5841333141520144
756 0.5794973310769139 0.5847005975866791
757 0.5798111025591004 0.5855886485531605
758 0.5798208807528356 0.5857311340055745
759 0.5802583960484744 0.5858020023287029
760 0.5804121286407891 0.5861972159330134
761 0.5805526163047416 0.5872166082166548
762 0.5807674406556034 0.5878661094364257
763 0.5814075362300827 0.588063282734547
764 0.5818551694090877 0.5890163792528563
765 0.5828926036593659 0.5893595146462132
766 0.5829028322141585 0.5894465074618557
767 0.5833886019776864 0.590461095535928
768 0.5849303662716028 0.5915581865973295
769 0.5849341867216006 0.5916110611980236
770 0.5855873226388819 0.5920568553045606
771 0.5863377616707337 0.5924612618732692
772 0.5867543158558557 0.5924667377252443
773 0.5876671648306466 0.5925615457649424
774 0.5877105256940602 0.5932653854233125
775 0.5879709788114484 0.5935010632555998
776 0.5880451751942055 0.5935579951298143
777 0.5886446670983849 0.5942363758718793
778 0.5889835907058188 0.5950050790790117
779 0.5890204803085353 0.5953477148968838
780 0.5894137058662443 0.5955975483836133
781 0.5897776847592665 0.5970782704465952
782 0.5905555447720584 0.5975081348744475
783 0.5906485225034667 0.5980041459556242
784 0.5911103412210544 0.5980619819105939
785 0.5914822462969249 0.598136316690697
786 0.5915110376905343 0.5984479849990283
787 0.5923481910466221 0.598708738737852
788 0.593794619908439 0.5989615950215961
789 0.5947845487302661 0.5989827405480032
790 0.5949865512392234 0.599242119443059
791 0.5950787730245338 0.6004139051717059
792 0.5962853525202813 0.601045077476082
793 0.5963981292207626 0.6018603887467636
794 0.5969543215585398 0.6023432713443979
795 0.5983289746970212 0.6024814286306898
796 0.5991087500351437 0.6031023096038527
797 0.5996532207385781 0.6036240267480603
798 0.5996980842968622 0.6037742868457645
799 0.5997059039220551 0.6039790802568914
800 0.5998261149237725 0.6045023705622715
801 0.5998521653122451 0.6046429551729864
802 0.6006797526705718 0.6053845545504694
803 0.6011146586067422 0.6054161138594649
804 0.6012777253303448 0.6055399251133454
805 0.6014498487655539 0.6056642184895992
806 0.6016782317983584 0.6066243569043388
807 0.6018645026827267 0.6067833894155688
808 0.6018697061852692 0.6072060214310756
809 0.6029272833179505 0.6073787926349418
810 0.6034341347948903 0.6077759867131426
811 0.6052615994545179 0.6087228767622559
812 0.6074502323254055 0.6090588689731806
813 0.6079236509601091 0.6092035793083527
814 0.6091246516740862 0.6096758925677989
815 0.6104030158075991 0.6100136379530579
816 0.6105728525968347 0.6105998393801375
817 0.6111851163012489 0.6106136661629105
818 0.6120851436797707 0.612365569522992
819 0.6121960998956981 0.6129331711861586
820 0.612980049101386 0.6131995693083865
821 0.6130301997192257 0.6142984043929738
822 0.6133448641457733 0.6150633185286196
823 0.613823484821423 0.61518544935164
824 0.6144899150250875 0.6152283594606711
825 0.6154605148000654 0.6153651143780176
826 0.6156567756273905 0.6158787946634533
827 0.6160520664349323 0.6161734168103592
828 0.6163256895524748 0.6162643365159325
829 0.617805851273973 0.616824107081041
830 0.6186703718253852 0.6182313162626825
831 0.6188520972218619 0.6182572580451121
832 0.6196347228360896 0.6184997293809436
833 0.6199175778685553 0.6186728398828714
834 0.6207469346751354 0.6201214198277032
835 0.6216530171915742 0.6203008825756567
836 0.6221538370610524 0.6257590434952829
837 0.6222593741511363 0.625817288656633
838 0.622733973229534 0.6267787035220727
839 0.6233091183344557 0.627459224614157
840 0.625895669516988 0.6277410500058143
841 0.6302352478157897 0.6283553830976293
842 0.6304904132510529 0.6306999079142965
843 0.6307463504626619 0.632391039899413
844 0.6314354032266593 0.6329451252062156
845 0.6314715159576432 0.633447945754334
846 0.6323031217180042 0.6334938629820063
847 0.6335037598800177 0.6340885325349108
848 0.6336365779094112 0.6342341163401662
849 0.6336539735029653 0.6343334312786102
850 0.6339127395945475 0.6344223195954526
851 0.6340998466787954 0.6349136759261289
852 0.6341411291136879 0.635016302367017
853 0.6341830448650024 0.6351211419387258
854 0.6360966542240947 0.6360750464681435
855 0.636464680192746 0.636589525179336
856 0.6367606959747955 0.636979643921268
857 0.6371545799052739 0.6370676457954764
858 0.6376582101570637 0.6374195413669563
859 0.6388532727521984 0.6392284031029678
860 0.6401866585845288 0.6401505409730613
861 0.6405908844673465 0.6406547732440283
862 0.641506530749784 0.6408377209963821
863 0.6431679331919803 0.641676190921897
864 0.6451803243367352 0.641752987787252
865 0.6467954955981863 0.6432763179173726
866 0.6471537776702752 0.6436373027299356
867 0.6471672655779952 0.6457313326854932
868 0.6472389798815253 0.646049258648655
869 0.6476060437014965 0.6468685525828436
870 0.6529251339276637 0.6468732890312695
871 0.653768690935333 0.6481977837458645
872 0.6541498245613636 0.6489836377996439
873 0.6560070343720756 0.6495759058831796
874 0.6562164461512433 0.6507082758086684
875 0.6567334068711432 0.6524309058254545
876 0.6569908381930224 0.6527913958116001
877 0.657207847148184 0.6536561120512407
878 0.6608048742110909 0.6540352103184061
879 0.6626519048223893 0.6542362925553583
880 0.6635104110789146 0.6546687405319253
881 0.6636372313822481 0.6566802952765813
882 0.663857377740242 0.6581744949263982
883 0.665826695562847 0.6590355900958627
884 0.6659080441920187 0.6601144993127949
885 0.6660854055720575 0.6609481310020828
886 0.6664719167158546 0.6633399441810546
887 0.6667063461784224 0.6635790727402645
888 0.6668616644682128 0.6653594794043538
889 0.6686737505202707 0.666365018736379
890 0.6687336482477302 0.6674336977419575
891 0.6706345534911934 0.6685573536969621
892 0.6736492267019842 0.6691918607591905
893 0.6782632102656767 0.6715208936524761
894 0.6783317040272587 0.6729060172548925
895 0.6811194237474947 0.6743118352513502
896 0.6821815629623598 0.6756447064412272
897 0.683864876156636 0.6781034954729346
898 0.6849669805354802 0.678231300637706
899 0.6851586252147551 0.6789582851901259
900 0.6854104559157015 0.6840730858746397
901 0.6854934157195465 0.6844491100271614
902 0.6856670972260439 0.6851449833730479
903 0.6858565043242121 0.6858864555158697
904 0.6862575914160491 0.6883449725064602
905 0.688035549764575 0.6943118807697513
906 0.6894731059331735 0.6981235555625693
907 0.6897590244431778 0.6993172828970715
908 0.6903611724926224 0.7044862273523863
909 0.6912561806785441 0.7054293901097677
910 0.6919273846730535 0.7074419726884548
911 0.6940960668965259 0.7118911702368893
912 0.6952324774983987 0.7142504559165337
913 0.6955175011253198 0.7152301930075209
914 0.6961855925687078 0.7160359820903807
915 0.6994825878216328 0.7167143941920049
916 0.700327635785355 0.7232754486008537
917 0.7011154767113413 0.7249588465811672
918 0.7020227160040007 0.7324577436753641
919 0.7030737678355491 0.7331194569538715
920 0.7076333352568512 0.7380338063401245
921 0.7102775264429972 0.7436327185895341
922 0.7131880143756367 0.7471446047109749
923 0.7201569081318057 0.755670422817884
924 0.732407143220608 0.7559382078701109
925 0.7436372700540753 0.7582540085087216
926 0.7546010419758866 0.7586691270862718
927 0.769644679723219 0.7600594180369125
928 0.7736117226945393 0.7701785665787957
929 0.787308310827453 0.784510611766017
930 0.7992503267393701 0.7900187748074337
