9 5.64006033539772 1.08
8 5.439597457647324 0.971
7 5.108391553163528 0.943
7 5.052009284496307 1.022
8 5.402392536401749 1.073
8 5.322967380285263 0.966
9 5.59912696480751 1.026
9 5.738402754068375 1.123
7 5.0584006905555725 1.062
8 5.270582288503647 1.268
8 5.310623496770859 1.01
8 5.3439671993255615 1.087
8 5.420797824859619 1.17
8 5.393689662218094 1.037
7 5.088405430316925 1.012
8 5.367155075073242 0.976
8 5.3281102776527405 1.059
8 5.3292441964149475 1.032
7 5.044776797294617 1.002
7 5.038503289222717 1.05
7 5.0988432466983795 1.051
12 6.405008167028427 1.116
12 6.278569012880325 1.078
12 6.164114862680435 1.158
13 6.495486348867416 1.112
13 6.576607525348663 1.082
12 6.1599375903606415 1.062
15 7.4490881860256195 1.027
13 6.836029976606369 0.997
13 6.836029976606369 0.989
14 7.1278490126132965 1.067
14 7.232650876045227 1.049
12 6.57483097910881 0.99
11 6.475393325090408 0.948
11 6.406191557645798 1.022
12 6.829392701387405 1.006
11 6.388512820005417 0.989
10 6.099099844694138 1.055
12 6.7252731919288635 1.208
12 6.78850257396698 1.076
12 6.626881331205368 1.053
11 6.05595725774765 1.128
10 6.085895836353302 1.196
10 5.977715730667114 1.066
11 6.273703426122665 1.224
13 6.84272226691246 1.001
12 6.912265777587891 1.058
13 7.312322527170181 1.046
13 7.022027999162674 0.998
12 6.831579744815826 0.969
13 6.880004972219467 1.135
14 7.405111253261566 1.031
13 7.088667303323746 1.079
11 6.517131805419922 1.172
11 6.383612483739853 1.033
9 5.681922435760498 1.013
10 6.130079418420792 1.058
11 6.310770690441132 1.155
10 5.745743602514267 1.099
11 6.271398663520813 1.115
10 5.71768581867218 1.115
11 6.16835230588913 1.097
11 6.338893741369247 1.309
12 6.699769020080566 1.363
12 6.4639357924461365 1.347
13 6.648202747106552 1.33
12 6.383488118648529 1.169
12 6.346454441547394 1.239
10 5.827292740345001 1.313
12 6.339236468076706 1.401
12 6.31018453836441 1.255
10 5.514620363712311 1.238
12 6.185991853475571 1.21
13 6.758628457784653 1.367
13 6.717325329780579 1.344
13 6.91244113445282 1.218
12 6.883520156145096 1.381
13 7.091336637735367 1.528
12 6.726493984460831 1.229
11 5.411828011274338 1.302
10 4.962778180837631 1.274
8 4.603415787220001 1.232
10 5.100005894899368 1.408
8 4.323410272598267 1.189
9 5.002121925354004 1.233
9 4.571191370487213 1.203
10 4.8653735518455505 1.286
9 4.57441121339798 1.452
7 3.990153133869171 1.329
9 5.014922261238098 1.216
9 4.750443309545517 1.361
9 4.870736002922058 1.346
9 4.853603631258011 1.309
9 4.923615485429764 1.49
8 4.564667254686356 1.243
8 4.45654234290123 1.321
9 4.516024738550186 1.285
9 4.819934159517288 1.316
10 5.246373176574707 1.228
10 5.092145651578903 1.202
10 5.203548163175583 1.276
10 5.322950899600983 1.147
10 5.281876891851425 1.412
10 5.328151136636734 1.201
10 5.689003974199295 1.264
10 5.465201914310455 1.143
10 5.545916587114334 1.311
10 5.432713598012924 1.283
9 5.153586000204086 1.273
9 5.143814146518707 1.333
10 5.4585840702056885 1.115
10 5.49376055598259 1.065
9 5.196469753980637 0.949
10 5.547568589448929 1.21
11 5.822867304086685 1.072
10 5.242385566234589 1.069
10 5.451692700386047 1.241
11 5.524848282337189 1.116
9 5.009324997663498 1.186
10 5.124829173088074 0.985
10 5.295586884021759 1.135
9 5.099224328994751 1.729
8 4.754035383462906 1.082
9 5.305346190929413 1.05
8 4.927180469036102 1.015
9 5.085090309381485 1.305
9 5.123582512140274 1.169
10 5.3980593383312225 1.128
10 5.315527141094208 1.194
10 5.327804267406464 1.068
10 5.074660241603851 1.132
9 4.610730201005936 1.106
9 4.744604170322418 1.152
9 4.8730649054050446 1.144
9 4.93312594294548 1.224
8 4.592196136713028 1.195
10 5.140065789222717 1.16
9 5.13797715306282 1.019
10 5.481389790773392 1.002
9 5.084148943424225 1.063
8 4.605108439922333 1.137
8 4.435772776603699 1.012
10 5.086010575294495 1.182
10 5.30441015958786 1.58
9 4.791662186384201 1.136
9 4.41808158159256 1.3
9 4.6951055228710175 1.071
8 4.517396092414856 1.119
8 4.4251366555690765 1.025
7 3.840724438428879 1.275
9 4.630622386932373 1.066
7 4.036016553640366 1.187
7 4.164115458726883 1.046
6 3.7412225008010864 1.161
8 4.352179527282715 1.187
8 4.309910476207733 1.179
8 4.411176472902298 1.158
9 4.463437706232071 1.081
7 3.52501904964447 1.089
6 3.6934973299503326 1.085
7 3.8483305871486664 0.974
9 4.37180569767952 1.264
8 4.259448796510696 1.147
8 4.175791829824448 1.314
8 4.158986002206802 1.178
8 4.366120606660843 1.034
8 4.397722691297531 0.99
8 4.377552151679993 0.99
9 4.605649888515472 1.118
8 4.460974901914597 1.121
9 5.09218630194664 0.988
10 5.319885224103928 1.127
10 5.384326994419098 1.027
9 5.125746309757233 1.297
9 4.894533067941666 1.16
8 4.771034747362137 1.296
9 5.065113425254822 0.953
9 4.909636467695236 0.924
11 5.601784378290176 1.118
11 5.635867089033127 1.038
8 4.482788860797882 1.038
8 3.9957215189933777 1.105
12 5.664277404546738 1.08
11 4.986008256673813 1.151
9 4.249599933624268 0.989
9 4.0109239518642426 1.203
8 3.768980324268341 1.09
7 3.366013616323471 1.09
7 3.3681415021419525 1.005
6 2.9483189284801483 1.081
7 3.2233193814754486 1.2
8 3.4022944569587708 1.028
8 3.452886402606964 1.07
7 3.215719610452652 1.222
6 2.7727517783641815 1.028
6 2.5402831733226776 1.081
7 3.3003000617027283 1.124
5 2.409422367811203 1.045
4 2.1546090841293335 1.079
3 1.353224903345108 1.169
5 2.4215458035469055 1.227
5 2.2992518842220306 1.046
5 2.2492557764053345 1.111
7 2.8064031302928925 1.119
6 2.732413589954376 1.26
5 2.2005100548267365 1.259
5 1.8902866542339325 1.265
6 2.3755904138088226 1.051
6 2.3380389511585236 1.259
4 1.7777793407440186 1.267
5 1.986352413892746 1.257
8 3.004731446504593 1.055
6 2.156398057937622 1.609
5 1.886026531457901 1.252
6 2.494403302669525 1.949
5 2.200786143541336 2.929
5 2.1832081377506256 1.298
3 1.6235130429267883 1.39
3 1.646770566701889 1.286
4 1.9788631796836853 1.383
4 2.0476763248443604 1.263
3 1.7956620454788208 1.388
4 2.275518536567688 1.369
4 2.488176614046097 1.255
5 2.5464627146720886 1.318
4 2.315240889787674 1.296
5 2.4953523874282837 1.131
7 3.3604442477226257 1.35
6 3.2870535254478455 1.614
5 2.961976498365402 1.528
6 3.3830292224884033 1.338
6 3.5123612582683563 1.288
6 3.48383891582489 1.196
6 3.5072398483753204 1.408
6 3.490207552909851 1.343
6 3.471767097711563 1.347
6 3.4882135093212128 2.284
6 3.399874269962311 1.479
6 3.277314990758896 1.426
7 3.931832879781723 1.574
9 4.5807380974292755 1.41
7 4.106166422367096 1.455
6 3.8771686255931854 1.687
8 4.465801924467087 1.244
6 3.7930488288402557 1.431
5 3.625976264476776 2.831
8 4.585854709148407 1.323
6 4.153632283210754 1.345
6 4.292869210243225 1.23
8 4.5722648203372955 1.514
5 3.6516716480255127 1.244
5 3.5718352794647217 1.25
6 3.8163116574287415 1.429
6 3.93438982963562 1.366
6 3.8760021328926086 1.489
7 4.17160302400589 1.281
8 4.373474478721619 1.357
8 4.457860082387924 1.398
7 4.161211431026459 1.383
7 4.180546253919601 1.185
6 3.7627097964286804 1.295
7 4.077253669500351 1.173
7 4.057145446538925 1.371
8 4.511928588151932 1.228
6 3.6980485916137695 1.153
6 3.880570739507675 1.109
7 4.426092743873596 1.243
7 4.532427966594696 1.063
8 4.714661926031113 1.158
9 5.116077333688736 1.095
8 5.026649564504623 1.249
8 4.977586030960083 1.66
8 5.206368654966354 1.033
8 5.322785347700119 1.149
8 5.385523021221161 1.153
9 5.807907342910767 1.123
10 6.102552711963654 1.076
9 5.846444547176361 1.171
8 5.343343138694763 1.235
8 5.487704664468765 1.005
9 5.845315724611282 1.153
9 6.040010452270508 1.156
9 5.54916325211525 1.126
8 5.381267040967941 1.043
9 5.7655046582221985 1.036
10 5.825034350156784 1.268
9 5.836619704961777 1.052
9 5.662963300943375 1.128
9 5.455349385738373 1.164
10 6.169033467769623 1.207
10 5.9560403525829315 1.284
11 6.128549814224243 1.357
10 6.230002820491791 1.132
11 6.724274843931198 1.062
12 6.869831770658493 1.154
11 6.682998925447464 1.348
13 7.286529064178467 1.061
12 6.858801901340485 1.11
13 6.941456615924835 1.146
14 7.534416079521179 1.325
13 7.291505515575409 1.169
14 7.069400429725647 1.148
12 6.59494560956955 1.018
11 6.484149813652039 1.173
12 6.403256982564926 1.569
11 6.303892225027084 0.945
11 6.160522848367691 1.24
12 6.5179349184036255 1.175
11 6.2658156752586365 1.137
11 6.361569881439209 1.214
11 6.196438640356064 1.096
11 6.576148986816406 1.09
11 6.805873930454254 1.099
10 6.170247435569763 1.276
8 5.751313924789429 1.152
8 5.733998209238052 1.234
10 6.632761150598526 1.194
10 6.690357983112335 1.408
10 6.522444009780884 1.196
11 6.9569500386714935 1.102
9 6.334161341190338 1.152
10 6.414279103279114 1.145
10 6.301339238882065 1.102
10 6.1655367612838745 1.29
10 6.324133604764938 1.155
10 6.239142894744873 1.084
10 6.197548002004623 1.191
10 6.4927762150764465 1.137
11 7.137337386608124 1.239
12 7.52670830488205 1.115
10 6.799428462982178 1.068
10 6.743439108133316 0.994
11 6.976737201213837 1.426
13 7.54661962389946 1.074
11 6.834502816200256 1.123
11 7.055994778871536 1.223
11 7.043212503194809 1.2
10 6.905982673168182 1.169
12 7.662040621042252 1.107
11 7.135697454214096 1.137
12 7.366269379854202 1.18
11 6.982073813676834 1.054
11 6.622961729764938 1.115
12 6.823632538318634 1.183
12 6.79792982339859 1.157
10 6.278139293193817 1.041
11 7.038239926099777 1.315
11 7.129015475511551 1.085
13 7.76626643538475 1.154
12 7.848061054944992 1.131
12 7.5784295201301575 1.194
13 7.579846382141113 1.001
13 7.8169693648815155 1.091
13 7.831465810537338 1.198
13 8.300081312656403 1.184
13 8.376059263944626 1.058
13 7.978704452514648 1.124
13 8.044481694698334 1.1
13 7.979687511920929 1.284
13 8.258738607168198 1.03
12 7.75167128443718 1.077
12 7.715500980615616 1.027
12 7.6670089066028595 1.099
13 7.640982806682587 1.102
13 7.483561635017395 1.12
13 7.663914859294891 1.09
13 7.683146178722382 0.952
14 8.060202926397324 1.145
12 7.6889828145504 1.208
12 7.6857664585113525 1.042
12 7.6541204154491425 1.158
11 7.1267653703689575 1.172
11 7.265105873346329 1.244
12 7.292724937200546 1.321
11 6.686219125986099 1.083
11 7.035745531320572 1.046
12 7.30828920006752 1.214
12 7.450356841087341 1.098
12 7.451386451721191 1.169
11 7.350115716457367 1.144
13 7.832924991846085 1.079
12 7.205438643693924 1.082
11 7.020192265510559 1.142
13 7.7007898688316345 1.046
12 7.751279532909393 1.126
11 7.2507838904857635 1.044
12 7.492994666099548 1.041
11 7.321356236934662 1.262
12 7.823948293924332 1.042
11 7.282594233751297 1.133
11 6.956421256065369 1.287
11 6.964716017246246 1.06
13 7.312808007001877 1.152
13 7.428708046674728 1.158
12 7.2120398581027985 1.162
12 7.290158718824387 1.042
14 7.6991468369960785 1.096
12 7.0929641127586365 1.153
13 7.053448170423508 1.056
14 7.471255719661713 1.145
13 7.175931602716446 1.063
13 7.4196683168411255 1.06
14 7.5395150780677795 1.454
15 7.788246661424637 0.988
15 7.824171602725983 1.211
15 7.996375471353531 1.066
14 7.848599463701248 1.098
13 7.620953977108002 1.119
14 7.989729672670364 1.289
13 7.657666802406311 1.168
14 7.7770103216171265 1.137
12 7.20077246427536 0.98
13 7.553311347961426 1.288
13 7.719995826482773 1.156
16 8.238326042890549 1.149
14 7.5713255405426025 1.15
13 7.327177792787552 1.11
14 7.442323297262192 1.085
13 7.279369831085205 1.223
13 7.024728715419769 1.115
14 7.455719590187073 1.098
16 8.04318255186081 1.141
13 7.204607456922531 1.156
13 7.180389076471329 1.107
14 7.571561872959137 1.176
13 7.355426847934723 1.014
13 7.577754616737366 1.226
14 7.9733796417713165 1.076
15 8.395478188991547 1.166
15 8.46748760342598 1.141
13 7.764497816562653 1.109
15 8.310217827558517 1.095
14 8.13492238521576 1.123
14 7.863497346639633 1.097
15 7.985515266656876 1.185
15 8.146668016910553 1.099
12 7.280792385339737 1.041
14 7.9243901669979095 1.213
13 7.462632447481155 1.2
13 7.468700855970383 1.123
13 7.046776294708252 1.138
13 7.014794200658798 1.211
12 6.770646959543228 1.054
11 6.423679381608963 1.1
12 6.907164216041565 1.086
10 6.482741594314575 1.205
12 6.819917023181915 1.074
12 6.94003501534462 1.045
12 7.223088949918747 1.1
14 7.532299757003784 0.987
12 7.412226468324661 1.192
12 7.475499719381332 1.262
11 6.964213341474533 1.069
12 7.290506422519684 1.109
12 7.075322270393372 1.064
12 7.228580623865128 1.227
12 7.419410198926926 1.11
13 7.636285722255707 1.174
14 7.899635910987854 1.155
12 7.265160501003265 1.253
14 7.925353854894638 1.177
13 7.614948600530624 1.276
13 7.7336419224739075 1.043
14 7.695579648017883 1.307
13 7.52840393781662 1.285
14 7.663218200206757 1.26
13 7.517395973205566 1.131
12 7.056403547525406 1.312
15 8.048140168190002 1.07
13 7.709705322980881 1.135
13 7.779757022857666 1.114
13 7.696701228618622 1.18
16 8.867148637771606 1.114
14 8.13343358039856 1.248
13 7.708105534315109 1.218
12 7.372693359851837 1.299
12 7.165777653455734 0.926
11 6.876715511083603 1.029
12 7.2061746418476105 1.004
13 7.381274312734604 1.215
16 8.249141275882721 1.058
15 8.009573549032211 1.261
14 7.583965480327606 1.126
16 8.093412697315216 1.199
15 7.6171868443489075 1.049
14 7.403277575969696 1.14
14 7.608564078807831 1.29
14 7.779115796089172 1.084
13 7.565688639879227 0.937
17 8.82015836238861 1.037
14 7.752983510494232 1.042
13 7.571945369243622 1.114
14 7.973035961389542 1.057
14 8.122874528169632 1.103
14 8.064601629972458 1.203
15 7.937438011169434 1.077
15 8.243172109127045 2.237
15 8.422790437936783 1.166
13 6.805839419364929 0.948
13 6.537826687097549 1.046
12 6.440487593412399 1.21
12 6.541011333465576 1.082
12 6.475990176200867 1.058
12 6.69468766450882 1.033
12 6.640964835882187 1.102
11 6.272157192230225 0.976
11 6.189940184354782 1.313
11 6.2606624364852905 1.668
11 6.174833714962006 0.972
10 5.828546494245529 0.966
12 6.449404180049896 1.029
11 6.0949046313762665 1.108
11 6.337142258882523 1.3
12 6.976336717605591 2.308
12 6.7876443564891815 1.319
12 6.5645414888858795 1.395
12 6.70349445939064 1.23
13 6.833676248788834 1.099
12 6.869209498167038 0.948
12 6.9580675065517426 0.924
12 7.010973155498505 1.038
12 6.912533104419708 1.031
12 6.837494909763336 1.112
12 6.710891962051392 1.169
12 6.658152490854263 1.047
13 6.930335819721222 1.224
11 6.370450019836426 0.994
10 5.9878818690776825 0.956
11 6.404338538646698 1.042
12 6.813720405101776 1.085
12 6.781491219997406 1.132
12 6.911690831184387 1.256
12 6.7284985184669495 1.336
12 6.674990892410278 1.19
12 6.64177605509758 1.107
12 6.605222314596176 1.085
11 6.259465843439102 0.997
11 6.228545397520065 1.06
10 5.909409701824188 1.133
11 6.32384380698204 1.012
12 6.535091876983643 1.221
11 6.044643551111221 1.008
11 6.127579867839813 1.149
11 5.964113771915436 1.556
10 5.815042316913605 1.831
11 6.046795129776001 1.644
10 5.831211149692535 1.206
9 5.618384957313538 1.21
10 5.806715220212936 2.15
10 5.835604965686798 1.292
12 6.3350414633750916 1.013
12 6.39044526219368 1.035
12 6.235939562320709 1.104
12 6.277221322059631 0.98
11 6.1230756640434265 1.054
11 6.123288571834564 1.028
11 6.032478243112564 1.005
11 6.026557773351669 1.181
10 5.720195829868317 0.948
11 6.031752794981003 1.028
10 5.5973019897937775 1.409
10 5.351780593395233 1.077
9 4.923230350017548 1.031
10 5.545949697494507 1.025
9 5.0084278881549835 0.987
10 5.348745554685593 1.047
10 5.400293558835983 0.992
10 5.724853903055191 1.054
10 5.730301558971405 0.99
10 5.507031172513962 0.965
13 6.4692292511463165 0.989
14 6.9429536163806915 1.0
14 7.156672865152359 0.958
14 7.1505140364170074 1.007
14 7.233933508396149 0.99
14 7.623324513435364 0.903
15 8.745964050292969 0.984
15 8.42567902803421 0.914
15 8.457977682352066 0.949
15 8.370826780796051 1.062
14 7.998945742845535 0.967
15 8.482160598039627 0.947
15 8.315982908010483 1.077
14 7.908309191465378 2.015
14 8.175807356834412 2.206
14 7.960708945989609 2.131
14 8.006253957748413 2.172
14 8.251467734575272 1.997
14 8.234875410795212 2.132
14 8.200004011392593 2.347
14 8.420060575008392 2.178
13 8.432611852884293 2.045
13 8.32514950633049 2.145
13 8.147891759872437 1.944
13 8.114156186580658 2.078
14 8.124049663543701 2.073
15 8.672510296106339 1.942
15 8.459056735038757 1.992
15 8.74195608496666 1.955
14 8.442562133073807 1.915
14 8.481324762105942 1.957
15 8.956810623407364 1.997
13 8.281777560710907 1.932
14 8.587826609611511 1.931
14 8.55548569560051 2.016
15 8.547255784273148 2.025
14 8.271823734045029 2.28
14 8.345356523990631 2.06
13 8.018612444400787 1.934
15 8.617033779621124 1.989
17 9.24321898818016 1.97
17 9.109485238790512 2.057
17 9.159976869821548 2.024
17 9.37417870759964 2.001
17 9.178850948810577 1.964
18 9.917686849832535 1.951
18 9.782872885465622 2.065
18 10.023061335086823 1.998
17 9.379329979419708 1.953
16 8.61979654431343 2.038
15 8.236308753490448 2.086
16 8.683311969041824 2.09
15 8.39944013953209 2.068
17 9.145669847726822 2.144
17 9.375052213668823 1.983
18 9.66032299399376 1.992
16 9.179238706827164 1.943
16 8.934469670057297 1.028
15 8.572041064500809 1.001
16 9.49290806055069 1.999
16 9.741884589195251 1.952
16 9.873154133558273 2.135
16 9.992505460977554 2.103
17 10.313111662864685 1.98
17 9.702761262655258 1.944
15 9.327810257673264 2.009
17 10.170540004968643 1.984
17 9.968913674354553 2.066
15 9.275562733411789 2.008
15 9.386168897151947 2.148
17 9.91024249792099 1.034
17 9.89649847149849 1.049
16 9.571086823940277 0.93
14 9.128683090209961 2.029
16 9.617399275302887 1.061
15 9.349034190177917 1.937
16 9.374820619821548 2.03
17 9.932584941387177 2.12
16 9.432402908802032 2.168
17 9.832364857196808 2.046
17 9.896980553865433 2.014
20 10.906977832317352 1.996
16 9.397602438926697 2.069
17 9.695132941007614 2.0
17 9.755264431238174 2.019
17 9.721643060445786 1.952
18 10.353002727031708 1.948
17 10.248541355133057 2.127
17 10.250272512435913 2.103
16 9.573407083749771 2.085
16 9.6926109790802 2.146
17 9.83680409193039 2.119
18 10.314669668674469 1.976
20 11.050595194101334 1.981
19 10.367908388376236 2.074
19 10.965512752532959 2.201
19 10.915399432182312 2.065
18 10.185255825519562 2.043
19 10.848180890083313 2.099
20 11.100420862436295 2.188
20 10.8018279671669 2.16
17 9.97495248913765 2.312
19 10.449713855981827 2.21
20 10.638685256242752 2.289
16 9.344589412212372 2.049
18 10.065617471933365 1.961
20 10.98538064956665 2.006
20 11.026314824819565 1.896
18 9.851453930139542 1.907
19 10.620481818914413 1.927
19 10.57516559958458 2.071
21 11.048134714365005 1.975
20 11.54986396431923 2.053
20 11.568975865840912 1.992
20 11.069398432970047 1.921
19 10.397926956415176 2.376
20 11.098994851112366 2.044
18 9.97815191745758 2.043
21 11.089804708957672 2.002
19 10.366510540246964 2.098
19 10.665096312761307 1.961
19 10.515526562929153 2.039
18 10.120931506156921 1.996
17 9.821419358253479 2.062
18 10.340792179107666 2.042
16 9.206702679395676 1.895
19 10.235145568847656 1.995
14 8.47316861152649 2.001
19 10.237163960933685 2.0
16 9.389332056045532 2.105
16 9.256090998649597 2.091
17 10.04855278134346 2.06
18 10.02517944574356 2.12
18 10.006064295768738 1.99
21 11.260497152805328 2.072
20 11.038206458091736 2.128
22 11.919721126556396 1.115
19 10.262277603149414 1.031
19 10.591414391994476 0.976
18 9.985357582569122 1.033
18 10.158215343952179 1.113
19 10.141828835010529 0.947
17 9.775979697704315 1.984
17 9.603224158287048 1.965
19 10.52714467048645 2.036
18 9.827377498149872 0.993
17 9.494981914758682 2.009
19 10.322569608688354 2.237
19 10.300272971391678 0.956
17 9.89118218421936 2.067
17 9.691337049007416 2.068
17 9.792506486177444 1.948
18 9.981570422649384 1.947
18 9.638538211584091 2.003
18 9.866693705320358 2.047
19 10.161107361316681 1.974
17 9.76446920633316 1.205
20 10.414866626262665 1.946
22 10.889168351888657 1.198
19 10.036650449037552 2.068
20 10.171272575855255 0.895
21 10.840576529502869 1.909
20 10.707967281341553 2.053
20 10.021812379360199 1.981
18 9.759550333023071 2.043
20 10.088487595319748 2.023
19 9.768364638090134 2.088
19 9.706094413995743 2.164
18 9.594896405935287 2.021
19 9.867463201284409 1.993
19 9.665021896362305 2.066
19 9.528864324092865 2.034
19 9.354836255311966 2.004
18 9.382953256368637 1.026
18 9.210839986801147 2.223
15 8.013878971338272 2.117
16 8.28964501619339 1.922
16 8.180468022823334 1.918
17 8.599820494651794 2.061
17 8.599820494651794 1.035
17 8.276976555585861 2.025
16 8.385230749845505 1.998
16 8.374959260225296 2.162
17 8.268761336803436 2.03
15 7.230855882167816 2.093
13 6.677252888679504 2.075
16 7.709356188774109 1.01
15 7.573616623878479 1.094
17 7.8767911195755005 1.05
17 7.847829312086105 1.221
17 8.316366821527481 2.122
19 9.266341626644135 1.018
19 9.407955288887024 1.069
16 8.403783172369003 1.15
17 8.897690862417221 0.93
17 8.993948251008987 1.034
19 9.396644532680511 1.004
19 9.441201090812683 0.973
20 9.455922394990921 1.228
19 8.913265734910965 1.267
17 8.315908640623093 1.004
17 8.244748920202255 1.079
16 7.793335407972336 1.058
15 7.147401064634323 1.141
14 6.639199197292328 1.011
17 8.080728888511658 2.009
18 8.117739498615265 0.905
17 7.9097402691841125 1.167
17 8.53876307606697 1.157
17 8.216662853956223 1.111
18 8.81236720085144 1.036
19 9.131164997816086 1.997
18 8.483182579278946 1.015
18 8.008068859577179 0.995
18 7.909396231174469 1.999
20 8.428376376628876 1.089
18 8.263705462217331 1.99
20 9.138725757598877 1.998
19 8.574360758066177 2.079
21 9.714501410722733 1.025
17 7.562890946865082 2.117
19 8.423969835042953 0.906
16 7.401851683855057 0.96
19 8.558833211660385 1.084
19 8.164655447006226 2.002
22 9.252823829650879 1.041
23 10.325683206319809 1.134
23 9.995262295007706 1.008
21 9.320401281118393 1.068
17 7.520646333694458 1.045
18 8.09236478805542 1.951
17 7.494816482067108 1.054
18 7.553800940513611 0.961
18 7.918146520853043 2.131
16 7.14761209487915 0.997
18 7.616202622652054 1.069
15 6.9342405796051025 1.041
14 6.558444380760193 1.017
15 6.932485431432724 0.944
14 6.613002300262451 2.117
16 7.16091588139534 2.002
16 6.988407582044601 1.048
16 6.9715240597724915 2.031
18 7.820962458848953 2.176
16 7.140805184841156 1.051
17 7.881791174411774 1.02
19 8.142932265996933 0.982
19 8.553599834442139 1.035
18 8.122612744569778 1.136
19 8.76313602924347 1.013
18 8.495799839496613 1.177
18 8.273896843194962 1.025
15 7.597713887691498 1.021
15 7.584646672010422 2.015
14 7.449601262807846 1.155
15 7.6487913727760315 0.899
15 7.9514104425907135 1.008
18 8.55576765537262 1.069
15 7.25012281537056 0.937
19 8.621809929609299 1.075
17 8.26039382815361 1.175
17 8.293494522571564 1.043
18 8.135266900062561 1.011
18 8.36619120836258 1.087
17 8.074804365634918 0.983
18 8.610679596662521 1.052
16 8.280474126338959 0.989
19 9.112287551164627 1.052
17 7.981688499450684 1.031
17 7.96566116809845 1.084
19 8.847376823425293 0.96
20 9.325680434703827 1.078
17 8.500022977590561 0.985
17 8.48286086320877 2.066
16 8.193046182394028 1.016
16 8.076128154993057 1.022
14 7.03515237569809 0.991
16 7.9649286568164825 1.12
14 7.155144095420837 1.081
14 6.945101588964462 1.055
16 7.795617520809174 1.118
16 8.323194473981857 1.079
16 8.424135863780975 1.028
16 8.080068975687027 1.099
15 7.517245799303055 0.988
14 7.317826181650162 1.133
13 6.931333482265472 1.998
13 7.0132556557655334 1.015
14 7.177437096834183 0.929
14 7.399538308382034 1.039
14 7.1645229160785675 1.19
15 7.655829638242722 1.076
17 8.442735880613327 1.142
14 7.1545268297195435 1.063
15 7.9852496683597565 1.212
14 7.252970993518829 1.16
13 6.680872023105621 1.141
14 6.296879082918167 1.06
11 5.565299838781357 1.223
12 5.678431808948517 1.076
13 6.156442731618881 1.261
13 6.1439685225486755 1.198
11 5.366207599639893 1.126
12 5.684018194675446 1.435
13 5.869935542345047 1.228
15 7.0481977462768555 1.185
14 6.579585641622543 1.059
13 5.958810031414032 1.124
17 7.631910890340805 1.2
17 7.64546337723732 1.162
21 9.248987168073654 1.124
21 9.346036702394485 1.102
21 9.37480902671814 1.142
22 9.718630164861679 1.135
22 9.370636582374573 1.168
20 8.869586646556854 1.096
18 8.134075313806534 1.044
19 8.003570020198822 1.216
21 9.33998054265976 1.191
17 7.79010933637619 1.053
19 8.407807409763336 1.142
21 9.072761356830597 1.06
3 1.934758186340332 1.025
4 2.2687110006809235 0.956
4 2.2507447600364685 1.03
5 2.6713855862617493 1.053
4 1.9963407814502716 1.064
4 2.021333187818527 1.043
4 2.0882744789123535 1.125
4 2.041468620300293 0.998
4 2.165460854768753 1.069
3 1.7109571695327759 1.117
4 2.082424819469452 1.218
3 1.6212167143821716 2.005
4 2.061236470937729 1.072
3 1.5878998339176178 0.959
5 2.0912658274173737 1.044
5 2.2101368606090546 1.016
4 2.067590892314911 0.996
4 2.0588375627994537 0.927
5 2.4796575605869293 0.923
5 2.4042086005210876 0.94
5 2.4149621427059174 0.985
4 2.0157634913921356 1.008
2 1.3856382369995117 0.992
2 1.3854526281356812 1.194
3 1.7623877823352814 1.913
3 1.7722651660442352 1.04
3 1.7361332178115845 1.039
3 1.8069268465042114 0.929
3 1.8140248656272888 1.11
4 2.149010568857193 4.063
4 2.0242332220077515 0.966
4 2.0406729578971863 1.158
4 2.17465141415596 0.928
4 2.2012898921966553 1.024
4 2.185516506433487 0.901
4 2.1184140741825104 1.082
