0.3460416604126493 0.9930601650917042
0.8015645788659973 0.5713352689035196
0.3625793165901139 0.7741302038941721
0.7350348846246983 0.7265864822287222
0.10845069408062624 0.8064815436861392
0.8968368146531345 0.559820397814091
0.3370514480688801 0.5178987070290785
0.4473334344720885 0.566241229162689
0.709238121246286 0.9690662398435848
0.019613966092353996 0.06039490285607596
0.36553845901467985 0.5616916777537373
0.6691688804319452 0.957736715281049
0.7838457518690826 0.5580365170582288
0.019623917588605932 0.8439188874954847
0.302421863256378 0.402303194095997
0.10879092949355795 0.42334060257202943
0.10875737381086903 0.042552961349173635
0.12486288013596403 0.24593238204353096
0.3544379182786178 0.2695995318440605
0.02340304717348418 0.024335680932947135
0.6566284369560658 0.6908819987859753
0.39817200081164517 0.5034071521412867
0.6116177965730413 0.5201453312820605
0.46771802660778705 0.06701304500968619
0.6037584792663008 0.20708814196176506
0.6464590277977936 0.7153821237504326
0.5128227873520823 0.10591077823031214
0.20370110984849277 0.6682064621059471
0.5865316261212754 0.647436008891158
0.25571443548315587 0.9521329308382281
0.22358068802848996 0.48167901819618864
0.8056537333908664 0.11009477830771353
0.741328207855989 0.37021688194877933
0.105642272365017 0.458230230098708
0.9811844601723626 0.09532263092582693
0.09826969594806512 0.9150202882473754
0.053038446910562254 0.07495541559489416
0.14323751915910998 0.44433415616338423
0.1446389484136078 0.9084977562996097
0.6938651630543508 0.21593284643243782
0.9808256308847956 0.01153235900149574
0.2666571336401611 0.7018742845613428
0.8173298002435796 0.9028925114469167
0.8252706637926407 0.43723785529543435
0.4836642772330465 0.7129304726452019
0.0054194641741264205 0.1370684829492722
0.5741424862340148 0.5064549797167738
0.9571750065794686 0.40076602413875295
0.9863878244866896 0.11017167281345674
0.7579507911544163 0.22862184627190263
0.6975384943950119 0.3941237277023031
0.5378651058061861 0.7806652871389436
0.5491914167535641 0.33266738655754324
0.34169190629862833 0.7443662513789249
0.1778378101523732 0.4387772887007698
0.35389522216780134 0.9496731071273516
0.956900261299867 0.5580124668139788
0.04969393665178423 0.7059486735565593
0.6829193273884774 0.8787826162954945
0.4360727691278403 0.06172161552669686
0.5588333456953033 0.7231162418835548
0.888295311089893 0.6016708012417628
0.02622415665701716 0.6360466020188074
0.08946415848574585 0.48422790020342876
0.1371543096691482 0.18905694340215862
0.6720926688871205 0.2093673835654376
0.915629998400883 0.2732355621977066
0.7267435981387637 0.3291749652304121
0.3749884613161828 0.2924197499763638
0.19458408900059776 0.7739736908258822
0.3227011871901657 0.5509463873466738
0.5671807647576541 0.2142964920301722
0.3740454677846058 0.08460533719893704
0.8497914602813093 0.9243304517274882
0.01546347564152284 0.3264584458862204
0.07028651109402395 0.576092843459628
0.7544626867196409 0.3873420382758338
0.8486158573271212 0.5149738051327861
0.6028182815298171 0.6586191727863044
0.004803363827144191 0.3420265769551133
0.22181976138245119 0.2070694832360589
0.21194754961764406 0.7711915736073768
0.09292372659048254 0.24284816835395295
0.8377389100951077 0.011822852335460654
0.49646635901553116 0.21667096096969296
0.5812027513123722 0.25137579660485954
0.35847770321451566 0.956768241924796
0.7322975503540534 0.7796651023858039
0.24351369687247415 0.08858809482292396
0.6030670361949477 0.1608293172183105
0.49520627392733274 0.6263554671629861
0.4273946954344816 0.9477040023717891
0.0034817140901530763 0.23847248289175416
0.7669967094145536 0.9929390457219959
0.3065436506661907 0.9919324135257788
0.5318105345764791 0.9728864244038287
0.8960304252072478 0.19796495623216415
0.981766865512683 0.8497540576305865
0.3792005850429012 0.8632972029790063
0.5971925588170914 0.9570818594839157
0.8231422005134826 0.5712515300818122
0.1352914423130308 0.5609903277386186
0.40967783598462015 0.8024983947976327
0.3893650287501431 0.3359049036955405
0.803976809739099 0.7556820502114695
0.2251732343988202 0.056117436531791576
0.2202497785525679 0.9039705068511666
0.8821858847829235 0.45721524535347136
0.8984619400300023 0.5024548805365996
0.10158313954146958 0.9530991984899275
0.5982154154069673 0.9425916910270702
0.1948565773632973 0.5146264581491563
0.06583867713932956 0.23651341555082273
0.057302509071698426 0.8514593151284676
0.03204097398172656 0.9845832099027068
0.4975717760217494 0.34542953117169506
0.3346493683628263 0.8431741478225665
0.3940601839044825 0.46244810131996006
0.4961380401813771 0.5450181683670583
0.9174307532560777 0.478115312133486
0.018578070920225342 0.9594650932630587
0.5082207764244684 0.8608048067395953
0.8234777832329808 0.2719942779516201
0.5518585581206826 0.676122892243147
0.5445038294582106 0.8105568663454046
0.1675971877604684 0.5785651028590838
0.3249059205901865 0.04334424496559208
0.6548899294579773 0.9846772658991891
0.6202007850240163 0.22836402577141224
0.30676897049193264 0.3335158334111544
0.7800047032896322 0.09518167114764198
0.502626972499 0.5139677183281083
0.6872364742445757 0.5777716183899867
0.9788189264423416 0.5090207616125962
0.5907685009205081 0.4651937850870538
0.02653257597450176 0.25264301909435427
0.5159774711841899 0.06370283435833113
0.0733758565383057 0.22524576805680674
0.44552923206714934 0.9832417227874737
0.9211619319188482 0.7011613314817474
0.7047752952883948 0.6464975893338424
0.49079995791436903 0.9248872811467433
0.6249722434092249 0.9996295747399652
0.9206182452173608 0.4053870512360328
0.7775935479973146 0.01271098816866656
0.42928468761648264 0.7444091836517693
0.3055505941378641 0.03415060301977402
0.9097534553956073 0.06101109149465034
0.2653560018704604 0.6688523680858327
0.3093631385964454 0.3824949017675181
0.5052613957628389 0.08080079599457068
0.4184358773596062 0.264199770707889
0.5629570417200339 0.9965817480025477
0.6264919011119726 0.09334238406113227
0.8007357960810827 0.9757546306458655
0.11294998714928517 0.5206812766153979
0.38586446747747494 0.12710903192729495
0.930811530274078 0.6844485526193415
0.6069727634040233 0.5722797827170588
0.3554193971472869 0.5098206778148014
0.8965571430260264 0.2582915852614557
0.5295084048071085 0.2642771819538675
0.7853606784517871 0.4162051565770113
0.914402362522461 0.48137406850303055
0.08880681371429278 0.09595802169872392
0.7835982824818256 0.8348312529785064
0.3919390329623098 0.8439445002844851
0.010586791955280339 0.28178231019926536
0.08307408041947528 0.23423078218781146
0.8221131037877115 0.9574066601432055
0.9191506454688182 0.17840641837255677
0.6668302206978689 0.8500517959456301
0.979537880348339 0.08617825819251612
0.5536824419942543 0.16387706093888943
0.6797020671451828 0.3135611076926631
0.15040240093352086 0.048678612354879136
0.8173131989172793 0.6723404749039631
0.615732892119214 0.6572065836319683
0.6352984858514339 0.8126394044411496
0.7899909884380037 0.46578296992818646
0.5823406978070366 0.612148853503441
0.6692407075651705 0.35245878298456845
0.8333441456873582 0.4901526891390857
0.30804517518906316 0.9541285880723398
0.40426880193254067 0.986868626060863
0.27909292811376596 0.589477965867302
0.6250559935527991 0.47169331760668154
0.4486728627439829 0.8686382282022583
0.2870047625497959 0.6770395564817902
0.4644974628618753 0.9184969289543671
0.5957294242653594 0.9052399535516052
0.4155541999868021 0.4168537323899042
0.9680310253324478 0.8239313672731714
0.627280598462019 0.9482328037316679
0.20039296548061514 0.9261484233181987
0.7732068287920514 0.5890190735371441
0.8483419231481037 0.08831445585377262
0.5361262121424584 0.5803045032280962
0.361393709717037 0.47177257640893255
0.7134327594157976 0.9104420692930391
0.0981772027265011 0.13690334277640492
0.435552583264573 0.6692656578534067
0.6287414940079379 0.4167120069981747
0.02252622470368404 0.5706417956736597
0.6182535724334862 0.45070692533045353
0.5320776386200057 0.9026261164280214
0.05334242312507964 0.27895614419428083
0.35063449409190595 0.8583874271343268
0.7058769140267986 0.3694352521895192
0.41337357203992275 0.7949264002965866
0.18326339785244272 0.0967232866464105
0.8598733665242903 0.5599207899383071
0.9607529285931693 0.5765193194242204
0.8442146610856861 0.009914499820455225
0.1396120179014536 0.5375228219809864
0.381316209324163 0.5278815373187773
0.20801805133292461 0.4454162507625722
0.6092039963845958 0.526529071541843
0.3373179838035918 0.573195408519407
0.5539099931068416 0.4463237688494883
0.36620234459678525 0.03948129320121174
0.3854920578232617 0.08377296317398708
0.5543564342642213 0.44458759393457714
0.9456594399045912 0.3435263391051938
0.6821423248471221 0.8288817604477674
0.04488634998151941 0.5070048507116003
0.8479660420576542 0.24513602480599017
0.7505998839479118 0.5115274248844282
0.3597042581789266 0.20242563399538516
0.12361122201551789 0.41680252665495754
0.41295923082541963 0.7408346168022855
0.4433886839670893 0.5511459331617767
0.29789722585589873 0.3548287073425296
0.16101071702677394 0.3615204199336777
0.8378321166305834 0.7126313587966847
0.17661055355321598 0.3015581391534021
0.15671653547271058 0.6510126654164146
0.5425052692913466 0.08518923224989827
0.30936097991985945 0.09520787556967969
0.32729073902031103 0.15320627372160556
0.9811380038738939 0.8045074389419479
0.6618476173465119 0.333182848415562
0.41896630570925086 0.8535840765453436
0.7385802277437946 0.32636663079293504
0.03892209478897646 0.9955751873465146
0.6238431300748282 0.8880101753744547
0.027709009790911177 0.48635534947420056
0.6144592104633742 0.5262078447802253
0.9878197529058328 0.2585385264924098
0.38076336939988764 0.7270592893536817
0.3857178605249725 0.9011957437730387
0.25888012614122347 0.5874657094304007
0.9318333820615315 0.9653633573332877
0.7820431314203354 0.40940854239739455
0.4397661308600419 0.3971494446801066
0.7642230571736256 0.5929045032182828
0.2905789106247808 0.9094187429200794
0.3624391766310724 0.6340176076101403
0.48046399568226994 0.6358515952109575
0.615840504212581 0.7405708514883942
0.5974171897837035 0.545698306067394
0.7845696105816917 0.17991697105823035
0.8621837086743198 0.033547965319383755
0.04618085522964621 0.21849582398984635
0.5963618478515451 0.9891671142998756
0.2537355846511422 0.8210185316246532
0.2308575277215208 0.9560573340548274
0.0034281225540828686 0.7070562718169374
0.7145206934634837 0.7865361829082981
0.3454025779073545 0.6669052316712456
0.4210929182657851 0.9028346817225481
0.3833390992606952 0.5074153563477473
0.5488618055036806 0.08062371319302997
0.6527174693718187 0.5633586505269182
0.4431112387327245 0.07356028524376357
0.8850869590094896 0.2813752873414005
0.2040221521161104 0.7907435419928593
0.5591941183085795 0.16639240242648023
0.9333445571259333 0.6179062741188536
0.6660339656806733 0.8585644122190345
0.4886213318563828 0.5350562424374705
0.5378525430913648 0.5386604919250568
0.9956595718602775 0.6632560895798063
0.16900541921395185 0.469376770112337
0.37240503869641595 0.5992245991579225
0.5809211252836468 0.1534487118710558
0.8656386823416692 0.008834690051096272
0.20636544451822647 0.8586787457619236
0.8735201205603222 0.31565600529255866
0.22998563784052017 0.7488082906444582
0.5739062452012834 0.7533052971626929
0.7047649104817669 0.32808435096137245
0.670816030330382 0.9760984936388163
0.7055616237901066 0.9293158010720671
0.33711874353957516 0.1962342914064058
0.23020800735700697 0.4271277314545081
0.06425526521761626 0.8056818466727959
0.785915668500772 0.687691597143541
0.25864603809604225 0.23083510319727418
0.9838570998651338 0.6457024786461437
0.8455293735817789 0.1359466555313863
0.7865932440973995 0.16877295444043794
0.9993763633415841 0.8019710318352224
0.7896602297089745 0.2262402066239576
0.18763009795244778 0.9227138125894984
0.35221380618615317 0.8902554983449843
0.7368682942166552 0.12810996236596517
0.30775661182457204 0.9059941236002456
0.6952505529329946 0.09734904249968823
0.42574458069856214 0.26533875066064794
0.8433864712494055 0.34571561708392473
0.8150898032060113 0.006718553828981899
0.3145273066241814 0.34283442901825534
0.7749895392736001 0.8237018749533611
0.5500666825949105 0.8543493004234797
0.22177020306759587 0.9814894458583467
0.5692058327259671 0.4278236933045172
0.27081894997451805 0.17585190209302826
0.8145965499384631 0.5436392788970271
0.5927321290305555 0.61206935099397
0.4530887174631868 0.06341787914339847
0.3155662158332534 0.8235426994411925
0.8179839616080263 0.6089038186105992
0.271009879914512 0.23505543243330118
0.03818942537814507 0.8919011331564297
0.17507328018763335 0.8613742155608838
0.41774966974147254 0.5624355277636873
0.7020795496038434 0.12472032104883102
0.4306079856675932 0.7747810419891624
0.10940300736126651 0.8698963754094681
0.9567791065548545 0.5152695367740127
0.8528664235379028 0.6024924808028017
0.899534023547353 0.1949543196304201
0.6032816918999964 0.18259487411015418
0.5365081196637325 0.9204404564866725
0.8525877312347299 0.5130637224490598
0.11424745527139835 0.6984442325251068
0.9759852766798667 0.3439607375829661
0.962316746214147 0.496139995481351
0.4686357236301897 0.07491706421639832
0.34005689399518246 0.7082008464055766
0.15799983697526732 0.05580782838293574
0.6406864635342754 0.49621054815769106
0.2685747529863317 0.7931690467323684
0.5912151804094397 0.5443536909301905
0.23158633811728824 0.07201188360535438
0.6843930692982269 0.28794327101427286
0.5364691902744492 0.281824112141309
0.9614686029319577 0.336423639826295
0.34174461420342805 0.985896837050431
0.8696383537314892 0.18062707879940032
0.08618508305811834 0.18080247030561825
0.3429666118285486 0.05755523018997555
0.9614315704550855 0.9593989730258605
0.5397570909166626 0.33722830325389075
0.36390109977080354 0.15056502223924206
0.09515707714442345 0.5370258131631906
0.7626922001888755 0.4233143157415389
0.8891957556393135 0.5683244633393221
0.2554578783800816 0.6684489701642545
0.4211209872327797 0.372234757182364
0.628606902346093 0.9029874240400864
0.6268457990907935 0.5597221752217499
0.36684854802081257 0.7417373358118557
0.6283906079122916 0.3364485838197986
0.4448113107398095 0.1323681475335493
0.7472758505607349 0.2604851813742287
0.9902182882422291 0.1520844207450971
0.21584678133294155 0.18694364936350427
0.5339088988976819 0.5994716292136993
0.013690764944582212 0.8581950452122361
0.09547721260454878 0.8242555900577914
0.6032546932679755 0.8749465768145643
0.9794511961898171 0.9871551542139252
0.05575011316529477 0.0699561754230521
0.8650199653345614 0.8982078001659994
0.3890579553919006 0.21478812489727073
0.9775760923243987 0.5890474861016415
0.19693427782390327 0.9488158796666787
0.3786473443855415 0.5423434660904735
0.3935897707357281 0.8856773976828692
0.24637289688013808 0.08015464082905055
0.7760478152508853 0.7891546141607956
0.3032721290852127 0.8535975480371027
0.15963738362487256 0.008806312380755354
0.032720799385537847 0.5017491101137795
0.16209677592011373 0.3940027809577623
0.6119145773805956 0.9395111962005037
0.864167045542493 0.7504157095400424
0.5927661286067816 0.389088354208308
0.1640414715852193 0.679401042182639
0.9192890542211407 0.15293539744583873
0.7348060121674984 0.6682508485857145
0.3801826825018868 0.40237709733241955
0.8546512527914575 0.47246994328651093
0.739904331157186 0.9448928959671626
0.47828286205970494 0.4656258295818245
0.7649484774250679 0.9817735959490994
0.4086767702514926 0.6585052079439506
0.6034748669283374 0.28225159466240646
0.9019767929971584 0.004782280079141388
0.32987418300267235 0.3648006515819896
0.04453515254830909 0.11618322688189642
0.24372721347319282 0.4983090630724015
0.4320304480456175 0.26807395936926093
0.6315823903392462 0.4188365475540603
0.6885651065564539 0.8997515301787005
0.057942037594280404 0.5858776687208067
0.12335679624446505 0.6880501065994106
0.995949424813367 0.2923056661407445
0.9215007598831224 0.443409494444846
0.09027010462288287 0.32613581060109886
0.7440051934388909 0.3039041001207009
0.20663782751434545 0.46424104979167646
0.2820704744207615 0.35131202347989265
0.29098572432072234 0.1873283862680516
0.49222968754087004 0.6328623803904979
0.5146286731120822 0.8226612941716391
0.9533894430529566 0.6515832760866905
0.2761381035207213 0.7182670748737849
0.14124108414251724 0.7477816424122178
0.13509512814936153 0.03274444281154776
0.2789139495309064 0.2931253196472883
0.6554624999841949 0.7695733823155939
0.10334879612034242 0.33654183272413485
0.8909749754448304 0.7336824416771607
0.77956690924537 0.9083494039189544
0.6857520028048536 0.8965954995219332
0.2535339983710787 0.4964598201258785
0.745434623535288 0.19832558033108938
0.5578113926795535 0.10485484265908251
0.23337617312906644 0.5919890553334052
0.9330794409810732 0.06485083205922748
0.3912743585062337 0.23154863761382571
0.5750020015949179 0.6230076681738922
0.19635157406924597 0.5270326421833796
0.0731290091971758 0.9599449738519817
0.6385352970233288 0.2409593527795023
0.7533888458938716 0.1419448148973247
0.4320618127328506 0.9954834829173017
0.08426927586410926 0.7791204667105808
0.8614249702962461 0.6523545330242749
0.1941839982800171 0.24046116806039297
0.3310692421255881 0.1109648791508554
0.45265517590959237 0.383693059837219
0.07931319987319152 0.3694621813138833
0.810665205622023 0.6510669902799142
0.5103098888128821 0.9197166077151799
0.4259208056755118 0.3019854053960942
0.7479138849491236 0.2856757643575184
0.9312564240211332 0.6516144736812445
0.5245915577848236 0.6630779547012079
0.7574578654427604 0.6068371150095571
0.3865641518228946 0.3385188614267659
0.1872173738130698 0.18507862129792219
0.9138963528858319 0.22449772212032726
0.07169959850897767 0.7659535056413724
0.867115488646519 0.2902669654492853
0.3940606995439274 0.5708649120217725
0.49557148745558743 0.1150179975070873
0.8203110835259155 0.8558739738167142
0.4368011576801224 0.03954499330876404
0.5387101652898136 0.1392816313920512
0.8405968167016127 0.20353371985315294
0.8062706207229313 0.10785311456006985
0.6443355165864786 0.7440915077899243
0.6996858919745167 0.525583317239216
0.4466476849175195 0.37379389426129084
0.2865795166446331 0.526555304428445
0.9728397063318527 0.9931204148139846
0.2608800599083476 0.5627959348667948
0.7799836344891017 0.7767063788537445
0.5542674310241374 0.9430919717384244
0.8879144732560447 0.8722949255136248
0.625215910913492 0.4072310942586076
0.2432904780382984 0.0008212562199471085
0.41955031919475283 0.9147434210111582
0.3962732893556755 0.12186830833699447
0.5157685549888001 0.33689506786146095
0.06897767299404411 0.39100351314313997
0.7035542374701179 0.10681962761379737
0.22228936295663637 0.6434255528561349
0.7073052861853797 0.18802243024354182
0.2666663173327476 0.31170769129536013
0.13738625337782173 0.6190547496943828
0.12407186995605646 0.8441811918241081
0.9649288080959169 0.3043977119460767
0.014756041705749179 0.15174794666987101
0.5765819790814348 0.7878624402845539
0.2958209048932259 0.7445417503127855
0.9306855495394672 0.1546742381848477
0.9321516568822145 0.9707012736842853
0.22895876242051372 0.6871061701942786
0.6964488254886525 0.26093775650237494
0.5666160544845743 0.4434629376781808
0.18944880663846553 0.09966963413595609
0.5856253712099845 0.2432411961229557
0.18558426561640184 0.5034134443369045
0.10066245587773492 0.019594625524882114
0.04413411615455476 0.36647016189950976
0.6348984548103374 0.3786600965458168
0.014961338524684287 0.4353275029776028
0.27837340125941856 0.5462628083810568
0.09994109387099581 0.6025889431892436
0.2733463394323623 0.03977819571937946
0.7969351783105603 0.9966640118686597
0.4885146758693085 0.8270681735145683
0.573770909921803 0.5228094360292354
0.05553036809110545 0.510664621181604
0.5999624807441242 0.6780589310844479
0.6660077429998208 0.4179335815790802
0.9893751083507084 0.9360333227058618
0.9767270660223544 0.8112467401123727
0.4714776976184708 0.3391884526152771
0.140374559277347 0.19757445098140625
0.06764561192479324 0.06958948992017377
0.7441777891491305 0.5633932332561425
0.25965512134777446 0.8375297871571004
0.22734070417475138 0.2258724952169071
0.3272674829150918 0.1651714906183256
0.9577677089772378 0.030077188814390143
0.7212957334802168 0.8000483024805064
0.9394668750204266 0.4765594463486361
0.7031563303344234 0.6558233850935165
0.5565236054297645 0.7698989692205043
0.13367200924452893 0.5406705441739001
0.22191198550285296 0.7048869214274884
0.9870364463639276 0.44459499669294933
0.954723882430342 0.14704874946973345
0.8867664034807684 0.7959895411060777
0.6117740606905127 0.9210574626253804
0.16822461988392878 0.5256691793035341
0.9439272765316229 0.9425911889526476
0.8445593772021451 0.5920194607987334
0.7808163245193589 0.4660489024651312
0.7620626778484885 0.1301965515060418
0.02619495044364417 0.204656769875328
0.23287568241321266 0.9822986358047322
0.47033730928628736 0.6842834394079632
0.5476741369938798 0.21575858278479954
0.5059020122749602 0.8347251297306074
0.1646856102087565 0.6125353758109644
0.43320005991986066 0.7542019554195594
0.961657387206838 0.8294456606758858
0.1519559215019376 0.6258014773851527
0.2065740909683248 0.5889527861793347
0.17722444845829288 0.17238300865979184
0.8082318053863625 0.6024081206752078
0.057261534236660805 0.5699507816517664
0.24306569442832282 0.5953400607887053
0.48594987432669434 0.5327811915374473
0.1791260029669277 0.3460963657399957
0.8246430544151483 0.3619415593243638
0.7569733650750027 0.8185544486337853
0.8261057991373388 0.07866847110795838
0.7937051580661919 0.00915353463397861
0.8849664135502906 0.8355302120923601
0.855792771055144 0.4044724942817446
0.37381001636724387 0.8493788847699243
0.5345853856662038 0.3660965905833192
0.6504585486900469 0.6917013113016329
0.1700263979923785 0.6615008688292494
0.17707838752169858 0.025585448786333953
0.15874223479784932 0.4354415090391067
0.7430442104092209 0.9384767881403004
0.36288693386722026 0.5643524518178521
0.3363745349030266 0.004318407675951708
0.9415762750285576 0.9685481765095667
0.04527578079418937 0.3671506751183987
0.7524299539005834 0.3119903364376545
0.9798053286139816 0.8955135851351421
0.4460131543119006 0.20090813343852387
0.3942406034937135 0.37605864492299945
0.033241301548215585 0.27193258268618015
0.44001841880353165 0.05640465294163155
0.8910353625592369 0.8467584643616869
0.7951241893076133 0.8586347163638326
0.8643525813036097 0.5264176995179429
0.6656485908411265 0.2833975374523059
0.834383719030154 0.4197740451205513
0.9192613464376608 0.16957225657471642
0.8702292291799923 0.8827868193022611
0.2237274129539918 0.0694557099092683
0.6402907521299235 0.0560999633994792
0.8152484305582053 0.32712022681329667
0.015023959829271516 0.14662899089753
0.003585652220758795 0.9147684653442365
0.9388524099951547 0.9082614484604846
0.19370005829314685 0.7881915555502541
0.45421178821053765 0.06241303824884725
0.392504309371291 0.9334577228104596
0.020163123087661328 0.06584714745365383
0.9407034078659082 0.4203935863868179
0.3581297369612776 0.5148736020091907
0.5213505465345257 0.13400724572141476
0.7106146863349957 0.5977798877040718
0.11177449572045273 0.9262127182993789
0.20238962319303 0.11118213721375836
0.8248697287878227 0.6471378890167006
0.9339959267119411 0.5345204919236624
0.3652757413020824 0.0648120224092088
0.6959172103293778 0.03069244776097735
0.2963681416684315 0.21034192023522613
0.8498613638590985 0.020155960409597218
0.12906314124522456 0.46193632483670666
0.27489391893850024 0.27982019410701187
0.2613618464387495 0.3207767520353956
0.5307074131816543 0.6280516408736956
0.1581395190223036 0.38307635860518796
0.9982981491786203 0.4980295872768248
0.8911699744351206 0.9246865187001386
0.4862086753201078 0.6527149478345718
0.13572280025904493 0.6291908516092947
0.8393501760933318 0.16661524007868078
0.6658976544238001 0.2772369490680787
0.24317396045977924 0.8240570822700499
0.7508520077172054 0.613249135269782
0.416294384622071 0.014276424340631477
0.13932562236026602 0.793071594653616
0.09002298456326319 0.16107390437818858
0.10602504609833963 0.24274011976615129
0.02482527424597525 0.5918963552221413
0.7813387570368625 0.9314774273908935
0.5321507888060101 0.45218638199420247
0.14084382883384583 0.27286733545479824
0.41256506847835017 0.9584902152662164
0.8982543203567511 0.4681875172326585
0.7769672830954736 0.8685403528371202
0.1693844567763405 0.2567123819032051
0.3355814131976673 0.4799930914261107
0.6985271149167892 0.8944766241192712
0.3937309297424799 0.06716447414999249
0.9606537964198042 0.8451857928827371
0.7451193395656489 0.062145006741736064
0.6540918994011503 0.7921176497146429
0.6077731142273392 0.1314844041560187
0.03176463456196543 0.003838056020581848
0.6185877845001845 0.697120023557022
0.29652153571813167 0.08302445211729592
0.48208812586583316 0.9296612142601155
0.5077967389027667 0.3890758113010394
0.7993641970224284 0.7251288642661767
0.7478095721926712 0.1955471828166403
0.5367479475200165 0.5517695285536963
0.6533891273891799 0.2090366927373476
0.05510092529857091 0.3960798607372472
0.7242551375956114 0.40286634310126734
0.883947156044096 0.7859090277383848
0.03765419128932823 0.35196179856187504
0.7272685078053452 0.19195057380419756
0.5562868530685036 0.15421026362384516
0.7715816210356612 0.652814666659058
0.9916774136022749 0.29697076601550376
0.48879850463159813 0.07795596052482034
0.7299155728747231 0.27244669220329754
0.030200898922154717 0.8701954540418655
0.019816441316106825 0.009655957019082395
0.3449344841888773 0.7024442792491534
0.9574773795530948 0.7124507620080446
0.3065388164019829 0.990789302976536
0.82799574275609 0.21363541470343916
0.15928255007487657 0.1719021910767764
0.46465445754124046 0.5133929550954661
0.5273579072733559 0.5391031681017104
0.9006676744384875 0.029651245705570317
0.8923664882407834 0.6355660295708386
0.31675385679119317 0.5264731820889744
0.07271125032839254 0.40781210674398793
0.6620460495083209 0.1548168298988567
0.8771762395547108 0.051483608860316554
0.4208390857183798 0.28168101846253
0.3122538284914086 0.49174744668783343
0.23968119616536754 0.626336041496381
0.41276991516409145 0.001231501743644281
0.3122119802820327 0.9152533506373365
0.8792547744328266 0.7862540377017724
0.4715013183318416 0.49405428265483076
0.2334585162580125 0.9824741000069742
0.011455344079366436 0.6741088159082136
0.6619021710892231 0.27301413851937373
0.4960317619943839 0.1664934254871161
0.6231217497168103 0.10449028950531436
0.8829699248346518 0.5446232769264578
0.07388326141023727 0.03834213841227041
0.3262148486411939 0.0362644726842658
0.7330520708717421 0.49445143296439265
0.6711490614617946 0.6351746224169039
0.8652270892210403 0.8594573861667326
0.20098917962936858 0.0802956766901034
0.12261876157935259 0.7081771267585948
0.7967420788205767 0.1013846514151725
0.1343717391339263 0.4110948904272148
0.04190935713021082 0.7099820352308446
0.5383754051160178 0.8165535897077452
0.6206928788619571 0.19655093267566948
0.6667153101687436 0.5619921050250473
0.6225494735335539 0.6815422668274458
0.6063043039085124 0.11421198250427311
0.27656932630589626 0.44326506535902466
0.280624992912747 0.6684316112100388
0.7580848840299979 0.742870387065286
0.8780828019117939 0.9960257166884766
0.1863949326581814 0.28327947546777443
0.8334406667296652 0.6953787505868606
0.14974473105630737 0.8319967041191417
0.7667485148516732 0.6071623696289496
0.6425115026372425 0.23137529079193464
0.17293618842086533 0.14378936033407486
0.42046532644324497 0.6262195968821037
0.30401993962787255 0.6816823516955294
0.24671210920395936 0.5880642718276831
0.5428337117985131 0.7949299175512201
0.46847122017082143 0.6874305006838551
0.9900129286657713 0.44910953650815155
0.49922711728166813 0.48488914883777645
0.3744004590913179 0.6922419931853937
0.4063183273727671 0.2519177014262738
0.5668510025540009 0.19755386593606572
0.7471291841428422 0.4858546951658086
0.714938465016027 0.5703845120264037
0.057593502658707996 0.9758733119060091
0.6466690345699272 0.7824655431959474
0.23485350771327707 0.8935711807681926
0.5626645401863075 0.2571460273790236
0.5650047620766735 0.2171804176035742
0.3405574839714971 0.8255334973158205
0.2615812921271399 0.2747767586402404
0.746361114401663 0.9840996148941185
0.31745581243228027 0.055268901982341134
0.08885892062811107 0.25782724773980903
0.1206213848469182 0.032031825639844747
0.4082114745119524 0.5185149996876425
0.2288761733532586 0.04660902610832518
0.7673098942875359 0.6793167161270098
0.03727658758343355 0.7022107096076281
0.3292087110359079 0.9904305643816662
0.13297833922842595 0.04315592046820538
0.8393232636868693 0.936439838025374
0.3765305854803265 0.8826355598287438
0.0733330438696429 0.8334165015442556
0.521002852555716 0.11149660427865038
0.3397306156510588 0.6338361993669421
0.8973045164431671 0.32954470210714804
0.4873611730319205 0.270200360022949
0.8033511225074297 0.11531344158735579
0.7849309317471587 0.5340408078816911
0.32140345074611265 0.1053209856593289
0.7423324019518664 0.23838871776363968
0.6291399832080066 0.029067910494534166
0.05762523535824082 0.46225294543705664
0.7287973484388317 0.5043439801076587
0.8921300019873291 0.8555610845824929
0.9453338539241025 0.2679088271176514
0.020959480547608766 0.7114964250238272
0.8331967927228917 0.127824825989731
0.2699885110764293 0.5459893852523855
0.6045258197116137 0.7180771649900127
0.2766300847071509 0.9867234763579138
0.3273985458447418 0.4124591756033775
0.7118637142052389 0.6544611409644565
0.151420882073123 0.4500499454650776
0.6208689686656532 0.9454031112095411
0.48930195266880006 0.28012098953569786
0.8264739575233071 0.07653095871937532
0.9909602890725145 0.8717833324893071
0.6085666521352546 0.30233694419423174
0.07329212725342849 0.6668670847910096
0.1809896516279471 0.1944732522912732
0.029604794169266202 0.9741942759458588
0.017046999148906394 0.9984296230502069
0.7181355186253379 0.7815314385482378
0.02780349518790981 0.8162925362103787
0.28546066007096893 0.22607860318437312
0.05382562392589474 0.7910484034468493
0.9459267791697582 0.39059712270909375
0.3276404168801258 0.10796992945339823
0.037075496051052315 0.9830496659404125
0.24349202869980302 0.48082236741068685
0.8435931129053111 0.10000893394235855
0.09922736610712846 0.5770677932526885
0.9020794624024837 0.4439945468933203
0.16937050091052075 0.36258892481652194
0.336025734704516 0.7426120500032741
0.8210937758839711 0.3952261378513581
0.7674148815936713 0.5010219032838386
0.30639074847236514 0.16673230739353195
0.04766441620811346 0.7700767106969485
0.9501876466859945 0.39575161798549285
0.1944779911136305 0.06608883274375088
0.5766159122028626 0.2815291876854471
0.3199335107426877 0.16700804199520558
0.1451748184031849 0.5746130392704752
0.8794644021445038 0.38955536822478454
0.1826349618945693 0.946123809242279
0.45977047071371624 0.5479418949567652
0.2240434221233537 0.3964811651675202
0.8299400061887603 0.8654858731699805
0.9695502459287935 0.5769810835589598
0.9132167184114904 0.9772608311046156
0.3959298048648465 0.14063107331507296
0.6376655891683989 0.41496283736599937
0.7516286194428853 0.10976416097460706
0.8271158727552319 0.5584269021434944
0.8871340185539071 0.1577590883927691
0.24523639061834046 0.7069480077370129
0.4105517517318876 0.28000485806304154
0.7413763218851739 0.38513841551938766
0.6308681675474591 0.7813917870194562
0.9468054502638886 0.6394010893053288
0.8694697477876038 0.27559849241244894
0.8327340362365055 0.2563854715159666
0.7677985984811817 0.042103985610425054
0.7333607628010514 0.21945848050675454
0.4161165401388933 0.04018700637154726
0.6641304507102026 0.6653056161787718
0.7933927223456586 0.346951835230906
0.7233364305653243 0.8536027453438566
0.8722014626124623 0.8253912030944618
0.37585684606439873 0.23139436633691213
0.6971720317864774 0.5611259347128609
0.028370013203343314 0.7360300148526041
0.9888622901634996 0.6447176796240173
0.4819969066243025 0.4878461364324693
0.39276024423186273 0.44146636660685057
0.10877495779083868 0.22522613883448694
0.2519299860828197 0.017575739602864626
0.28816395792959915 0.9911789006326264
0.8973668918041486 0.627115616247945
0.40793717444229827 0.7259822721270376
0.20683515642261419 0.8398528528847239
0.6171137993906541 0.30666229298462855
0.5640927928650711 0.4499240224725254
0.889535330188882 0.2389894521032474
0.42669576809800225 0.8787757209070258
0.8825873284910181 0.37971841550213215
0.9115167144091376 0.517256551517984
0.5880737304717178 0.7973978649506928
0.8181296676679357 0.4505091306329746
0.10639488738144931 0.6710621766847594
0.5030497518318193 0.8971045587976837
0.46828347118778846 0.9972971379313562
0.34173572935768826 0.33949676069463397
0.49103646563433834 0.8200664769273811
0.6328598253598618 0.08125491265815943
0.9412863972158868 0.6724802597962322
0.8614772638097928 0.9822956295098384
0.15143177515646278 0.06992186610428941
0.7808276352959235 0.9288744254443253
0.5421767579464983 0.8407878213530692
0.2909748908349167 0.5243452094789975
0.7820732458974364 0.9505456085773013
0.40691155184593375 0.9531713041206009
0.4956316266894819 0.2314471776619077
0.6084527744586474 0.827070985868989
0.749747148288252 0.8287352814813501
0.7840419196109791 0.17572701762978582
0.5941661785824696 0.6387568613987306
0.3308092481082109 0.00106042001098261
0.060935514941999 0.48759250041049207
0.8098855589255742 0.6008830486614612
0.7825385948522805 0.9705863781516748
0.11824831095418398 0.36576715684513283
0.28075249297577365 0.662589345956673
0.21619097899908857 0.2784076223382428
0.4453056775383877 0.6804878040511011
0.15178439751266148 0.891830748378226
0.9917051884690171 0.9579602136845295
0.7163176157054136 0.3496364188323221
0.06578352566122381 0.15227100628313128
0.5646835258197038 0.7004529831406039
0.21093222799507627 0.9578311533685869
0.5059058625382304 0.7066630268243322
0.23978343281958814 0.6564956180667952
0.33535993511410656 0.7151319942949529
0.011590243305170889 0.33623396118535953
0.2556200333895272 0.4740698465084635
0.9319366116025313 0.2024830285017688
0.17159286239322602 0.4027496718974858
0.289234329036971 0.6716735437410456
0.006016692903849541 0.5860358455607648
0.38971895900202824 0.2966439505934839
0.7292963761948396 0.8460025937518214
0.8336380295331758 0.7105481239632168
0.052921994436440856 0.192965911171471
0.5873744684978612 0.1415412082430073
0.14691444134350362 0.2724597957683699
0.590229941333048 0.5211948207468571
0.5311913042618958 0.6398242726899466
0.2536881636095618 0.9842378486128638
0.5446219071955444 0.9123514866379422
0.562031159893845 0.08511231881523673
0.731102515984002 0.5212032941200639
0.3230396301681886 0.07403446543398473
0.7287698136679123 0.18980164440095126
0.03844506578002205 0.3212058580126732
0.4473395846127485 0.7288883214623731
0.13920494840814734 0.8071345145913087
0.6753385142114439 0.3637822998625767
0.15649177236428047 0.41734915743478507
0.9019762627719076 0.31029850370746404
0.02936372094663997 0.36711236095757194
0.06317076837668767 0.30518517427422565
0.7901268152570127 0.03132879352705409
0.29685782477881195 0.15316046647540593
0.6049156893717859 0.5763514286874485
0.9214921330451381 0.9261569027133122
0.1384033911133854 0.38106637069024796
0.08198714502626159 0.6346729311642247
0.46338064068462614 0.05672097163281542
0.1908648084223925 0.6237035284653779
0.8909422986500242 0.5759872485792328
0.7175615276479963 0.4345870505244268
0.8217312136962801 0.37647814669610025
0.8791101484710875 0.07219393680576991
0.25144143004832054 0.2985910106750711
0.671266325267809 0.8927888805577636
0.12531227816272605 0.21611486100000876
0.4224354699965327 0.06219313545349603
0.15425036520362223 0.8985155722059084
0.1331226773045694 0.3911183033086493
0.8485158737451022 0.658387851185794
0.4275672430426226 0.6459420713350126
0.9142384481243161 0.8657389698187845
0.336346842918122 0.8754725607534319
0.28823603787852836 0.9659401591321328
0.005098035436202242 0.5219325680696563
0.6937387046680761 0.6035097361040538
0.794483303933789 0.7132343189432161
