0.25827121283644455
0.27406615769588916
0.28583031225097244
0.29753477934478345
0.311650000274286
0.3127461572268058
0.31644545176995414
0.31911232571857595
0.3196188025520412
0.3258263004975516
0.32891320702195725
0.3292404086286661
0.33365331360223127
0.3365383491973385
0.336863591593325
0.33785541005661524
0.33973288320494116
0.3433125352933045
0.34632798835792034
0.346735837693657
0.3537414367747641
0.35531837951489065
0.359878973527463
0.3656504537770394
0.36891471280061383
0.3736694610105654
0.3750303957718055
0.37528362213917105
0.3754569216363977
0.3800198168497784
0.38143983502335954
0.38366163664617176
0.3859076044167402
0.3902439982479392
0.3957264610356048
0.3967836827051732
0.40197749331782207
0.4055841960339987
0.4060830759314795
0.40612862579288933
0.4135142813426688
0.4135461449802324
0.41359372265996525
0.4157957789227224
0.41769075297509467
0.42165007506991026
0.4238732972689898
0.42544086951015314
0.42951731430608586
0.43174007292772754
0.4322894714913073
0.4328560500412962
0.43288886820415906
0.43377913657234785
0.43503196465952476
0.43687458479363583
0.4384512955490705
0.44091591899723026
0.441652489143133
0.4424790889864551
0.443574723462019
0.445415584758901
0.446704345077726
0.44893905430455455
0.44931167393103744
0.4505303769688088
0.4508478552199272
0.45209611304717123
0.4532266739087428
0.4556612246295502
0.45598647838213235
0.4567181898788278
0.45706410570817324
0.4585289867371159
0.4595360123700303
0.4611812186064741
0.4671294385205929
0.468427975367028
0.46984337622058875
0.4710057109678076
0.4742536649171335
0.4791914727015859
0.4792402729418357
0.47990972394954573
0.48082610335857084
0.4820340231199219
0.48323633339017247
0.4849236691966608
0.48607500091307765
0.4876124582665422
0.4876298172260592
0.48840577336640684
0.4890269509284773
0.4913724559804602
0.49329774426298034
0.4962545861256227
0.4967392040241121
0.4968334769474812
0.49796178257556445
0.4983608923703905
0.49852680676015465
0.49887431815063726
0.5014292610463656
0.5021010590061538
0.5032575960478752
0.5040967553503423
0.5064542128571676
0.5065596918221801
0.509726043256518
0.5102071602399262
0.5112321190822956
0.5130690088788061
0.5134638124330967
0.5135102360720832
0.5150599488151761
0.5165535451400206
0.5173022916842339
0.5196471735834697
0.5215436246412674
0.5229971905721292
0.5239349406445626
0.5242931414751976
0.5245747083735002
0.524826023135202
0.5280510639747557
0.5291163961263403
0.5294667259281719
0.5295212004150509
0.5297057698754534
0.5318672122671805
0.5323401756700046
0.5326372882866363
0.5331284697098786
0.5333306447233299
0.5349519568178515
0.5372780501708202
0.5393341055013184
0.5398195470056978
0.5421187254813292
0.5440172136485877
0.5479200144248463
0.5525594430531425
0.5544623926152106
0.5572043950748169
0.5590149226876948
0.5610146402055097
0.565659911696707
0.5673059526109483
0.5705431177133745
0.5722666254466529
0.5722784137162913
0.5748141242866494
0.5771720989137247
0.580462130914181
0.5833794459821056
0.5848306326054098
0.5885523487881292
0.5915687338208958
0.5925592789901206
0.5932530238674577
0.5959444423534901
0.5967297233318112
0.5969656813690996
0.6013299972316515
0.6015801023555502
0.6037355379419181
0.6056435942135246
0.6075454802571926
0.6101140832899818
0.6135409410960602
0.6146695578815045
0.6240290375044868
0.6242157753804282
0.6260074431827141
0.6305974952950422
0.6333863238424193
0.6387438435902021
0.6467207481510814
0.647638641757603
0.6485091163613124
0.6520152120852498
0.653776533970065
0.6560319322611643
0.6561644123617865
0.6608229671490347
0.6631732088389979
0.6648139188304075
0.6661061877755907
0.6663524413286223
0.6666304047273781
0.6714178625291752
0.6715376606413436
0.6807783792638004
0.6833265220771514
0.7047554103004436
0.7102913352705703
0.7184769339505496
0.73228690308525
0.7322957630304396
0.7738893858163953
