0.24134335604280927 0.14899315757157672
0.30034782461587706 0.18638908041372065
0.3018951846065965 0.25787437336467706
0.31509129308836537 0.2919930193600675
0.3163766118085761 0.30196851322303564
0.316664116830569 0.30450585703416155
0.32630492543956646 0.3102534847859987
0.33217382805459605 0.3146087169478239
0.33824651014636176 0.317437052819907
0.33842462577206184 0.3183070072600412
0.3397535114598256 0.3189881241722585
0.34510397351023125 0.32824722182470045
0.34987414630515634 0.3305126903302418
0.34993792804748847 0.3438422597372257
0.3500536572788153 0.3444632441169015
0.35744472167092867 0.3455796798037388
0.36251516410421203 0.34956602403411074
0.3637589330326254 0.35097628746156506
0.3641066117272489 0.3525782316312652
0.3671024688090433 0.3549150295973279
0.36815638534460027 0.3556747458690849
0.3684845470345902 0.3563693356170843
0.3727392687655784 0.35874976134521547
0.3738239185776412 0.3661517465215922
0.373879353823228 0.37429103702837563
0.37623240809868674 0.3781025559719909
0.3775760926816689 0.38053066040068934
0.3780421249632636 0.38168115656911034
0.37990507750661506 0.3844735207101084
0.38344452389054645 0.38468929478691183
0.39060495073400403 0.3890223263158695
0.3906400508793033 0.38994128328238165
0.39209014486209687 0.3912091667755265
0.39244604829358526 0.39278027844051483
0.3965270968846987 0.40455723041118896
0.39771012612172113 0.4111291209138769
0.397831655995188 0.4138817204228143
0.4039552588034538 0.4144845276193394
0.4047346598374145 0.4145038068888516
0.40731780639492965 0.4161841829645121
0.40770072747376757 0.41907160282465994
0.4083691625936797 0.4195478295167016
0.41502704156221604 0.4196559087680366
0.41820210644422384 0.42023535460256445
0.41839885791790754 0.42353145182720753
0.4190482773386236 0.42384611805099515
0.4211832616895854 0.4244831022939374
0.4222897800211364 0.4252925011953303
0.4246018990438397 0.4263195178577665
0.4348368386086672 0.42708475820141634
0.4383252104598874 0.4277348804318766
0.43850316062426253 0.4277387358302334
0.44128216364654715 0.4284443450168726
0.4441440757886546 0.4287407543490851
0.44508120817179975 0.43163461683141385
0.44598860573442056 0.43467935472291636
0.44683901740840437 0.4359117685541492
0.4485360264993049 0.43665052514544755
0.453252082330153 0.4371998053938214
0.45391943601196205 0.43804356694264396
0.45579619681529426 0.43897353168912984
0.455895768830892 0.43984849002163895
0.4564003633615499 0.44084543762736095
0.457746981676387 0.4423905171293377
0.45801360547854963 0.44279901251738385
0.4582663586014017 0.4430748101607992
0.46040758368609164 0.44626356753984564
0.46227867646413107 0.44992281071353557
0.4658513701747216 0.4563766378474221
0.46659101458876157 0.45660990643957267
0.4675405852477749 0.4574557670799488
0.4681569232462194 0.4603688632632828
0.46958290615350745 0.4605513697928865
0.471448833644116 0.4605682122633396
0.4722889907369165 0.4629197873877489
0.4723062670165381 0.46529096289165506
0.4726818746461063 0.4665948454737846
0.47293755690872386 0.4680942122490326
0.47352450088119424 0.4687964973306701
0.4743422009230295 0.4691941710400232
0.4748852163060208 0.47060392079776336
0.47503105262012263 0.4738284713856522
0.4763934074934012 0.4745894526902961
0.4787308272947821 0.47477808334673666
0.4797882625067502 0.4763220684003547
0.48050120400377194 0.47751418832659986
0.48131158728192597 0.4841762510881429
0.48274610043799515 0.48450024251777674
0.48337774234176817 0.48490517800439353
0.48403620281014165 0.4859892453187647
0.48702234651948184 0.4861588873288136
0.4885686199997341 0.4871442247988212
0.4888378869351351 0.4879497435937328
0.49033265477704985 0.48945076640821855
0.4935245993462835 0.49069997295796586
0.4940018132235918 0.4910971750455279
0.49538157460891546 0.49213845366896364
0.49717221242582815 0.49317090979273126
0.4979173107503848 0.49532270639210113
0.49851814233149494 0.4965990974177109
0.49958208537486 0.4979243708677498
0.4998459952382178 0.500589867632834
0.5002998586442865 0.5006933623012274
0.501169332261869 0.5024279075840943
0.5018910891936222 0.5026897624253769
0.5020569645353684 0.5039281640236343
0.5038576283033823 0.5047982417709438
0.510152861769832 0.5049422551184155
0.5105621665111324 0.5061959020869952
0.5114681016956789 0.506811610041652
0.511811679860579 0.5068847756619507
0.5158337604118288 0.5089817466325537
0.5161121434079968 0.5095835939250929
0.5163475941968831 0.5102779351886849
0.5174623174165037 0.5115100552604684
0.5178762293782224 0.516497873401557
0.5192200985937518 0.5168687502905213
0.5200930730584422 0.5185413999397558
0.5222595548672925 0.5195181537459599
0.5232802944953445 0.5198505352575246
0.5235014538542441 0.5204594722504003
0.5247932130550721 0.5205010641805554
0.52481452387543 0.52226870705011
0.5264628395344878 0.5248528059344783
0.5272441553839609 0.526874307164567
0.5274069861821261 0.5274122244301598
0.5278034064230268 0.529144871320707
0.5301871082695281 0.5292035458177573
0.5324922778170526 0.5312100998773857
0.534231054327284 0.5330044578868667
0.5362954021888795 0.533135056082313
0.537105614671351 0.5355445892489186
0.5377917466083193 0.5357593451457618
0.5403768750354135 0.5358998106947708
0.5419181708328069 0.5364238316909269
0.5422318257582146 0.5376482671380424
0.5434757977063938 0.5404717192125653
0.5448449381958395 0.5415509999716664
0.5460431394332935 0.5429969466352367
0.5465735021135812 0.5455913723365137
0.546821277964736 0.5476848896960411
0.5470149409609972 0.5505568663654886
0.5546069331080001 0.5513178213513467
0.5597502678676894 0.5525967222307282
0.5646599542230857 0.5558349336959368
0.5701202271713992 0.5560406928454585
0.5705429593406071 0.5595443226694727
0.5711167883163002 0.561030211642871
0.5723404717884585 0.5620004671941284
0.5734197398916777 0.5623733866250628
0.5755013602455934 0.5632311237691916
0.5757329861717155 0.5635856177617211
0.5797127516270235 0.5638417859613033
0.5838954716885911 0.5694478427560823
0.5841656589928677 0.5708155413228182
0.5872917989091346 0.5753064468772332
0.5904021711378508 0.5829615325414353
0.591798463927124 0.5830041573642448
0.5936167683714665 0.5835178769592546
0.5952878620066318 0.5847491886026395
0.5967675132680362 0.5856618020977425
0.5980300608767878 0.5858710844201171
0.5983066749341421 0.5861744893456786
0.598383842751999 0.5863755993094363
0.6031246557922098 0.5895874558070954
0.6033743209868188 0.5919688705306896
0.6050595143820425 0.5920529090591699
0.6084121465108417 0.5920841756942863
0.6094871475941275 0.5962169949746827
0.6095504895259504 0.6025559718188693
0.6112256009753226 0.6038308507862832
0.613459958635351 0.609245965374072
0.6148022540034502 0.6098480614075981
0.6214724002790214 0.6135521972504242
0.622000613921976 0.6259582281999834
0.6221238130199149 0.6275743180226641
0.6244507477492955 0.6320516435190922
0.6280205311117277 0.6332318073865968
0.6337898150705725 0.6352539597063882
0.6383923854292303 0.6389278710960371
0.6387912397705602 0.6389523593309626
0.6438008843620513 0.6442909913525025
0.6481761113220514 0.6497883431277818
0.6502279208921773 0.6595497989953946
0.6613478371557462 0.6662829186731751
0.6623175374749862 0.6684232538400943
0.6629031028977636 0.6718541026041346
0.6666897829438793 0.6719875831235265
0.6736570172979566 0.6737134831064915
0.6843469847583588 0.6777155280255981
0.6865117843874331 0.679692437713547
0.6884963717808813 0.6838651986019127
0.6938959024561794 0.6876472304881232
0.7046912184597283 0.6942941983631248
0.7051942218263966 0.7022856154672703
0.7081035134084379 0.7177700506222802
0.709238515163946 0.7321280397387193
0.7392123865560017 0.7331903005563578
0.7524428259340039 0.7394887819123039
0.8837656978148788 0.7680151356790814
