11 7.35184845328331 6.230313175882004 0.2434634637541873 0.09738538550167491 0.04869269275083746
10 6.9871110916137695 6.146908259195909 0.19274337348276674 0.0770973493931067 0.03854867469655335
10 6.99385929107666 6.219249800931761 0.2617367488121219 0.10469469952484876 0.05234734976242438
10 6.982707589864731 6.046272560979887 0.2656614791637555 0.10626459166550219 0.05313229583275109
9 6.677060276269913 6.051405638185769 0.2045267692910529 0.08181070771642115 0.04090535385821058
9 6.493280589580536 6.215696373852823 0.2151967396216412 0.08607869584865649 0.043039347924328245
9 6.54155507683754 5.980473410625005 0.22437511322889417 0.08975004529155767 0.044875022645778834
9 6.678685218095779 6.1909334726381395 0.3013510677976526 0.12054042711906103 0.060270213559530515
8 6.238252103328705 6.074162843955356 0.14129083096742495 0.05651633238696998 0.02825816619348499
10 6.874582231044769 6.1367773164205435 0.17844283407499134 0.07137713362999654 0.03568856681499827
9 6.607298165559769 6.144340181988372 0.19706659522555203 0.07882663809022081 0.039413319045110404
11 7.150315195322037 5.918024397134802 0.22308127758810842 0.08923251103524336 0.04461625551762168
10 6.907678872346878 6.145123081842674 0.18389980227266484 0.07355992090906593 0.03677996045453297
9 6.475596994161606 6.287993505421184 0.1801526189463273 0.07206104757853092 0.03603052378926546
10 6.913900315761566 6.164939039450208 0.21242229308036698 0.08496891723214678 0.04248445861607339
10 6.786352217197418 5.942929426404385 0.2372549630269145 0.0949019852107658 0.0474509926053829
13 7.818146169185638 6.105462589936142 0.19891640437765928 0.0795665617510637 0.03978328087553185
11 7.399521708488464 6.095688583258766 0.17345382500751685 0.06938153000300674 0.03469076500150337
11 7.543279260396957 6.090254580546848 0.14170682978221016 0.05668273191288406 0.02834136595644203
10 7.1090008318424225 6.026116273249169 0.21875125110073662 0.08750050044029464 0.04375025022014732
10 7.315859496593475 6.062251239588231 0.13795619798650233 0.05518247919460094 0.02759123959730047
11 7.48963525891304 6.302725180532015 0.281613062647757 0.1126452250591028 0.0563226125295514
13 8.020047456026077 6.085120626305515 0.2559003939999504 0.10236015759998016 0.05118007879999008
12 7.606349468231201 6.056794037306553 0.27347500121100116 0.10939000048440047 0.05469500024220023
14 8.274049639701843 6.057237828669639 0.14249429909580175 0.056997719638320704 0.028498859819160352
14 8.577090054750443 6.287224705820823 0.2979177788690694 0.11916711154762777 0.059583555773813884
14 8.799600958824158 5.994097800774091 0.16186138088355512 0.06474455235342205 0.032372276176711026
14 8.646663010120392 6.117054169571698 0.13666145554820827 0.05466458221928331 0.027332291109641655
14 8.792101442813873 6.095891606803308 0.17519219959664514 0.07007687983865805 0.03503843991932903
13 8.388877511024475 6.080934697214541 0.20387463206297252 0.081549852825189 0.0407749264125945
13 8.255296766757965 6.101938125247432 0.1917065806828214 0.07668263227312855 0.038341316136564274
13 8.47228392958641 6.30722665556097 0.25733772234029695 0.10293508893611879 0.051467544468059394
13 8.383085310459137 6.014824946127172 0.25781109853006257 0.10312443941202502 0.05156221970601251
13 8.378215849399567 6.062682654502391 0.18896613622417827 0.07558645448967131 0.03779322724483566
13 8.308972209692001 6.168815204382989 0.18493354027137587 0.07397341610855035 0.036986708054275175
14 8.680558145046234 6.037414482997642 0.1815667511464177 0.07262670045856709 0.036313350229283545
15 8.903179317712784 6.052985455738181 0.18962285353382025 0.0758491414135281 0.03792457070676405
13 8.176752477884293 6.139267716555412 0.19592828725046768 0.07837131490018708 0.03918565745009354
13 8.161068081855774 6.02253885283142 0.1572991489107267 0.06291965956429069 0.03145982978214534
14 8.263615518808365 6.2005734298065445 0.1490313300472824 0.05961253201891296 0.02980626600945648
14 7.956597328186035 6.127786546658009 0.12479513151449426 0.0499180526057977 0.02495902630289885
13 7.882717996835709 6.146597865691503 0.13809343628728488 0.05523737451491395 0.027618687257456975
12 7.484042018651962 6.120070612234749 0.2317602282235568 0.09270409128942271 0.046352045644711355
13 7.82069718837738 6.110760401612527 0.18829868712258105 0.07531947484903241 0.037659737424516206
13 7.920403629541397 6.023347669484277 0.2232796528173403 0.08931186112693612 0.04465593056346806
12 7.848459243774414 6.116751634962537 0.17032358697117084 0.06812943478846833 0.03406471739423417
13 8.266044974327087 5.975281867903372 0.2153623322343387 0.08614493289373548 0.04307246644686774
12 8.053515017032623 6.044096734224307 0.18155298621124089 0.07262119448449635 0.03631059724224817
13 8.142028540372849 6.026556619754223 0.19125459102240913 0.07650183640896364 0.03825091820448182
12 7.921959817409515 6.152590533051521 0.262566552297103 0.10502662091884121 0.052513310459420606
13 8.300508290529251 6.300003444949377 0.21603180035552885 0.08641272014221155 0.04320636007110577
14 8.765742033720016 6.110611055243641 0.2169723071220349 0.08678892284881397 0.043394461424406984
14 8.894817471504211 6.061674101330703 0.18108491148410594 0.07243396459364237 0.03621698229682119
14 9.217962831258774 5.820833987023684 0.22981431081821904 0.09192572432728761 0.04596286216364381
15 9.319027185440063 6.037727829300437 0.14399571400308483 0.05759828560123393 0.028799142800616965
13 8.20564717054367 6.237142165988099 0.1777853466228513 0.07111413864914053 0.03555706932457026
15 8.734764397144318 5.98146720204553 0.2045194884157191 0.08180779536628764 0.04090389768314382
16 9.639505922794342 6.096104879505808 0.275215301942669 0.11008612077706761 0.05504306038853381
14 8.753536462783813 6.170009711867378 0.250385554522914 0.10015422180916558 0.05007711090458279
13 8.106448769569397 6.059135767935067 0.21379459821349867 0.08551783928539947 0.04275891964269973
13 8.38913032412529 6.140227111587441 0.19755411375351192 0.07902164550140477 0.03951082275070238
14 8.79514080286026 6.14720217432955 0.14543155109818565 0.05817262043927426 0.02908631021963713
14 8.447620302438736 6.167748791170916 0.16597970784274815 0.06639188313709926 0.03319594156854963
14 8.705561190843582 6.1707821949605295 0.10832679810847508 0.04333071924339003 0.021665359621695014
14 8.78364971280098 6.013628364348347 0.2532250381731939 0.10129001526927756 0.05064500763463878
14 8.799567490816116 6.236479103556063 0.17439738987186904 0.0697589559487476 0.0348794779743738
16 9.347385913133621 6.14494423889958 0.2105964480193747 0.08423857920774987 0.04211928960387493
13 8.379848062992096 5.9567763078959315 0.324592734648725 0.12983709385949 0.064918546929745
14 8.574624985456467 6.1965505017881215 0.20902770843126983 0.08361108337250793 0.041805541686253965
15 8.638021767139435 6.0368174197426825 0.2548230438024664 0.10192921752098655 0.050964608760493274
13 8.069853365421295 6.146290497145603 0.1399443427855093 0.05597773711420372 0.02798886855710186
13 8.509089171886444 6.002342422386125 0.1832384818498286 0.07329539273993144 0.03664769636996572
14 8.653634250164032 6.04052611309651 0.2796050573069661 0.11184202292278644 0.05592101146139322
11 7.773996144533157 6.272978066293395 0.1338454104210726 0.05353816416842904 0.02676908208421452
12 8.012961715459824 6.077105978143616 0.2026840086083734 0.08107360344334935 0.040536801721674676
14 8.668324083089828 6.365744639702632 0.22340427088097917 0.08936170835239167 0.044680854176195835
15 8.736748784780502 6.1919140275958044 0.30714338867580765 0.12285735547032306 0.06142867773516153
15 8.885024458169937 6.098689454838177 0.22621311960406018 0.09048524784162408 0.04524262392081204
14 8.362222492694855 6.083561248947472 0.18131534594338763 0.07252613837735505 0.03626306918867753
15 8.589445769786835 6.036330649717299 0.2010079393761033 0.08040317575044133 0.040201587875220664
14 8.494174748659134 5.981881017487073 0.2712543420853073 0.10850173683412292 0.05425086841706146
13 8.192418277263641 6.29117844666518 0.27948847100744056 0.11179538840297623 0.055897694201488116
13 8.123133331537247 6.049846268882505 0.22369508564856416 0.08947803425942566 0.04473901712971283
13 8.210179179906845 6.141169880744374 0.24109451807519905 0.09643780723007962 0.04821890361503981
14 8.272172689437866 6.125870964432096 0.2855391479259675 0.114215659170387 0.0571078295851935
12 7.3222605884075165 6.207465518170132 0.1768528596466025 0.070741143858641 0.0353705719293205
12 7.730473905801773 6.007693020971715 0.30714710480616253 0.122858841922465 0.0614294209612325
12 7.683026283979416 6.170515243254846 0.20217972313079807 0.08087188925231924 0.04043594462615962
12 7.3465396463871 6.043673992806895 0.17347378053275828 0.06938951221310331 0.03469475610655166
13 7.905549377202988 6.146187636288527 0.20339172854062312 0.08135669141624925 0.040678345708124626
13 8.274724245071411 6.063039914988046 0.2016730848621267 0.08066923394485069 0.040334616972425345
11 7.660608649253845 6.214698679859086 0.21975424172852515 0.08790169669141006 0.04395084834570503
11 7.611950367689133 5.857330083983203 0.22209728889856498 0.08883891555942598 0.04441945777971299
12 7.870428025722504 6.125560964408873 0.20924305481164904 0.08369722192465961 0.04184861096232981
12 7.841802150011063 6.1067196473869485 0.23255838311955482 0.09302335324782193 0.046511676623910966
11 7.578348726034164 6.069010344137136 0.2114335037352962 0.08457340149411847 0.04228670074705924
11 7.618535727262497 6.274170601269501 0.2420835243162231 0.09683340972648924 0.04841670486324462
11 7.54288312792778 6.098763723829435 0.20838706396947282 0.08335482558778913 0.041677412793894565
11 7.224216967821121 5.934956509232228 0.16642313875050388 0.06656925550020155 0.03328462775010078
12 7.657628059387207 6.083648603673136 0.19232099631874322 0.07692839852749729 0.038464199263748645
11 7.481664150953293 6.035237767691794 0.24882835310193732 0.09953134124077494 0.04976567062038747
11 7.4442232847213745 6.191854212920657 0.20814425956050436 0.08325770382420175 0.041628851912100875
11 7.303373396396637 6.090023475194787 0.1701143415762185 0.0680457366304874 0.0340228683152437
11 7.568261414766312 6.169534323551667 0.23530659494725303 0.0941226379789012 0.0470613189894506
12 7.788333863019943 6.0729884085412325 0.21442629219953488 0.08577051687981395 0.042885258439906974
11 7.530762106180191 6.166833655377359 0.18682083688165974 0.0747283347526639 0.03736416737633195
10 7.099025726318359 6.059842742645465 0.19009704512821357 0.07603881805128543 0.038019409025642714
10 7.059880346059799 5.944890130292383 0.26181507235412316 0.10472602894164926 0.05236301447082463
10 7.094326764345169 6.138627129499745 0.27421375315367796 0.10968550126147117 0.054842750630735584
10 6.90306493639946 6.046106554934377 0.16860158081329144 0.06744063232531658 0.03372031616265829
10 7.112224191427231 6.282718168154666 0.27884316790060537 0.11153726716024215 0.055768633580121074
10 7.018854051828384 6.145875514552107 0.13272684241405258 0.05309073696562103 0.026545368482810514
10 7.0230109095573425 6.105859846378399 0.2273810738761241 0.09095242955044965 0.04547621477522482
10 6.6938137114048 6.166741978203709 0.21399639330229633 0.08559855732091853 0.04279927866045927
11 7.125235468149185 6.264141644656224 0.16368019628273245 0.06547207851309297 0.03273603925654649
11 6.990948855876923 5.923537182119268 0.27515973576107305 0.11006389430442921 0.05503194715221461
10 6.506671726703644 6.145688695281871 0.15336491608788516 0.06134596643515406 0.03067298321757703
10 6.6942278444767 6.159674867196219 0.2781550042526244 0.11126200170104977 0.055631000850524887
12 7.390322953462601 6.291426015237578 0.13405784220192368 0.053623136880769466 0.026811568440384733
11 6.978662580251694 6.253473508574097 0.11988592219955027 0.04795436887982011 0.023977184439910055
10 6.529355585575104 5.949012595987224 0.1599874625797817 0.06399498503191269 0.03199749251595634
9 5.806831359863281 6.084012703450693 0.25232098296302935 0.10092839318521174 0.05046419659260587
9 5.932588666677475 6.146067023097937 0.2955958436444792 0.11823833745779168 0.05911916872889584
8 5.497824043035507 6.026168394855971 0.24685674707314456 0.09874269882925782 0.04937134941462891
10 6.183944791555405 5.976271923983022 0.22148066898335736 0.08859226759334295 0.04429613379667147
11 6.3811004757881165 6.210640638458566 0.16091935372315846 0.06436774148926339 0.03218387074463169
11 6.593501418828964 6.085239865668561 0.21031467553238156 0.08412587021295262 0.04206293510647631
11 6.472602427005768 6.129302217398803 0.25402533497841634 0.10161013399136654 0.05080506699568327
10 5.781238615512848 6.080988237574838 0.28660791648542844 0.11464316659417137 0.057321583297085685
10 5.645672798156738 6.236831603486176 0.20909729797013438 0.08363891918805375 0.04181945959402687
10 6.35219606757164 5.939949286530284 0.281663309617863 0.1126653238471452 0.0563326619235726
11 6.627975136041641 6.133106464587516 0.18558918128522445 0.07423567251408979 0.037117836257044894
12 7.058506608009338 6.178906579417516 0.24812191065399186 0.09924876426159675 0.049624382130798374
12 7.002178102731705 5.8413726222599305 0.14526048668815786 0.05810419467526315 0.029052097337631574
13 6.991972088813782 6.139284413657373 0.1852424801822999 0.07409699207291998 0.03704849603645999
12 7.151159107685089 5.892378741610579 0.15740535974728137 0.06296214389891255 0.03148107194945628
12 7.154968440532684 6.022379949303028 0.20690407019531956 0.08276162807812781 0.04138081403906391
11 6.992878764867783 6.078078541234999 0.2344678526288689 0.09378714105154756 0.04689357052577378
10 6.619144141674042 6.072806599762187 0.22192750167382938 0.08877100066953175 0.044385500334765876
14 7.533948689699173 6.204223947790429 0.22012798881400703 0.08805119552560281 0.044025597762801405
11 6.966716051101685 6.188124248905188 0.20128872748004756 0.08051549099201902 0.04025774549600951
10 6.739709228277206 6.107807700657793 0.20098747107181525 0.0803949884287261 0.04019749421436305
10 6.542276114225388 6.008075418856688 0.22217470294116937 0.08886988117646774 0.04443494058823387
11 6.636692523956299 6.100706987188233 0.24002601961773978 0.09601040784709591 0.04800520392354796
11 6.751228094100952 6.046435992496886 0.2281773575275126 0.09127094301100504 0.04563547150550252
13 7.271327614784241 6.157952027544524 0.22361028730180227 0.08944411492072091 0.044722057460360454
11 6.024330288171768 6.217755858613648 0.22641672852841863 0.09056669141136744 0.04528334570568372
9 5.528969198465347 6.108343220036405 0.23370846230798847 0.0934833849231954 0.0467416924615977
8 5.369475066661835 6.142166789642079 0.23930312807976775 0.0957212512319071 0.04786062561595355
10 5.752400189638138 6.285985115596247 0.2499572158341013 0.09998288633364051 0.049991443166820256
10 6.303570717573166 6.043041649384788 0.24468707438005294 0.09787482975202118 0.04893741487601059
8 5.309055954217911 6.258780181336924 0.21108153481339872 0.08443261392535949 0.042216306962679744
8 5.236865669488907 5.988375959733179 0.21246653416485373 0.08498661366594149 0.04249330683297074
10 5.884072691202164 6.200864906821977 0.2220744406427435 0.0888297762570974 0.0444148881285487
10 5.947410941123962 6.073303636810195 0.24003096397638954 0.09601238559055582 0.04800619279527791
10 5.741903156042099 6.1350427712112605 0.13117524582410206 0.05247009832964082 0.02623504916482041
10 5.43268883228302 6.200621992443738 0.22002257976298054 0.08800903190519221 0.04400451595259611
7 5.051064610481262 6.14627476952077 0.23794536262599109 0.09517814505039643 0.047589072525198214
9 5.377655655145645 6.205525372005137 0.22535074749436718 0.09014029899774688 0.04507014949887344
11 5.967314600944519 5.96048248988291 0.1734404604292681 0.06937618417170725 0.034688092085853627
10 5.9152911603450775 6.112554024327675 0.2771692414405065 0.11086769657620259 0.055433848288101294
9 5.493340492248535 6.10375474358093 0.11495167814884986 0.045980671259539946 0.022990335629769973
11 6.202244162559509 6.197352698628281 0.27200443807907176 0.10880177523162872 0.05440088761581436
10 5.817574560642242 6.192230319098273 0.2793851847811911 0.11175407391247645 0.055877036956238225
9 5.127050012350082 5.96339240033087 0.2166582600594969 0.08666330402379877 0.04333165201189938
9 5.443858295679092 6.020029583382799 0.2716393345678481 0.10865573382713925 0.054327866913569625
7 4.857335388660431 5.969558699960469 0.2051127696387116 0.08204510785548465 0.041022553927742324
8 5.142223596572876 5.982660562849089 0.1703426919677619 0.06813707678710476 0.03406853839355238
8 5.404308170080185 6.061590151983665 0.2644917596905976 0.10579670387623906 0.05289835193811953
7 4.893098831176758 6.183576360450174 0.1307154842750439 0.05228619371001756 0.02614309685500878
7 5.000946342945099 6.130213932011219 0.19343342299260088 0.07737336919704035 0.03868668459852018
7 5.114631623029709 6.098454801522006 0.2199044820461987 0.08796179281847948 0.04398089640923974
9 5.968320518732071 6.096936949476029 0.18736138213768866 0.07494455285507545 0.037472276427537726
9 5.612453073263168 6.228605670629253 0.1964729330793827 0.07858917323175309 0.039294586615876544
9 5.827740371227264 6.0118212239759545 0.2485373754105379 0.09941495016421516 0.04970747508210758
8 5.606532484292984 6.07713192146362 0.14115441441917936 0.05646176576767174 0.02823088288383587
11 6.317063331604004 6.12355126585507 0.15747804682472294 0.06299121872988918 0.03149560936494459
11 6.547929406166077 6.023937624066853 0.1911181697108621 0.07644726788434485 0.03822363394217242
10 5.966492086648941 6.200365036278726 0.15473404555584658 0.06189361822233863 0.030946809111169316
12 6.635025858879089 6.245438308220978 0.2153818037198083 0.08615272148792331 0.04307636074396166
10 5.6335232853889465 6.2287886841957585 0.21795582187498413 0.08718232874999365 0.04359116437499683
11 6.037607282400131 6.085969109029335 0.20886030965038202 0.08354412386015281 0.041772061930076404
10 5.624719113111496 6.186896127910258 0.2193609208405444 0.08774436833621775 0.043872184168108876
11 6.070441961288452 6.260007191281891 0.18194015676419448 0.0727760627056778 0.0363880313528389
10 5.902723044157028 6.15167561215992 0.15094418181821323 0.06037767272728529 0.030188836363642644
11 6.1051687598228455 6.176251303863164 0.2679085858145759 0.10716343432583036 0.05358171716291518
13 6.218646436929703 6.145514422176856 0.14836991232301402 0.059347964929205604 0.029673982464602802
11 5.88286417722702 6.112324500988708 0.2060965457608668 0.08243861830434672 0.04121930915217336
10 5.581220716238022 6.168268881229955 0.20485222888538138 0.08194089155415255 0.04097044577707627
11 5.394793689250946 6.050660518593786 0.18909929625403615 0.07563971850161447 0.03781985925080723
10 5.118990987539291 6.083405845351581 0.2502865865489509 0.10011463461958035 0.05005731730979018
10 4.899781107902527 6.128214455606327 0.18845497512156462 0.07538199004862584 0.03769099502431292
12 6.626059353351593 6.03571655689801 0.20834752303951495 0.08333900921580598 0.04166950460790299
16 7.552903711795807 6.208414926313229 0.15672833149944584 0.06269133259977834 0.03134566629988917
12 5.332835018634796 6.075219233739961 0.18246563094993035 0.07298625237997214 0.03649312618998607
13 5.547210276126862 6.087728830746861 0.19156149306815268 0.07662459722726107 0.03831229861363054
10 4.917526751756668 6.222536729479491 0.15939186378922932 0.06375674551569172 0.03187837275784586
11 5.556783080101013 6.114093782387447 0.2522160812708705 0.1008864325083482 0.0504432162541741
6 3.7612840235233307 6.170037521819965 0.24529574616594008 0.09811829846637603 0.049059149233188014
7 3.0697505474090576 6.056662795080458 0.186048723691564 0.0744194894766256 0.0372097447383128
