5.820833987023684
5.8413726222599305
5.857330083983203
5.892378741610579
5.918024397134802
5.923537182119268
5.934956509232228
5.939949286530284
5.942929426404385
5.944890130292383
5.949012595987224
5.9567763078959315
5.96048248988291
5.96339240033087
5.969558699960469
5.975281867903372
5.976271923983022
5.980473410625005
5.98146720204553
5.981881017487073
5.982660562849089
5.988375959733179
5.994097800774091
6.002342422386125
6.007693020971715
6.008075418856688
6.0118212239759545
6.013628364348347
6.014824946127172
6.020029583382799
6.022379949303028
6.02253885283142
6.023347669484277
6.023937624066853
6.026116273249169
6.026168394855971
6.026556619754223
6.035237767691794
6.03571655689801
6.036330649717299
6.0368174197426825
6.037414482997642
6.037727829300437
6.04052611309651
6.043041649384788
6.043673992806895
6.044096734224307
6.046106554934377
6.046272560979887
6.046435992496886
6.049846268882505
6.050660518593786
6.051405638185769
6.052985455738181
6.056662795080458
6.056794037306553
6.057237828669639
6.059135767935067
6.059842742645465
6.061590151983665
6.061674101330703
6.062251239588231
6.062682654502391
6.063039914988046
6.069010344137136
6.072806599762187
6.0729884085412325
6.073303636810195
6.074162843955356
6.075219233739961
6.077105978143616
6.07713192146362
6.078078541234999
6.080934697214541
6.080988237574838
6.083405845351581
6.083561248947472
6.083648603673136
6.084012703450693
6.085120626305515
6.085239865668561
6.085969109029335
6.087728830746861
6.090023475194787
6.090254580546848
6.095688583258766
6.095891606803308
6.096104879505808
6.096936949476029
6.098454801522006
6.098689454838177
6.098763723829435
6.100706987188233
6.101938125247432
6.10375474358093
6.105462589936142
6.105859846378399
6.1067196473869485
6.107807700657793
6.108343220036405
6.110611055243641
6.110760401612527
6.112324500988708
6.112554024327675
6.114093782387447
6.116751634962537
6.117054169571698
6.120070612234749
6.12355126585507
6.125560964408873
6.125870964432096
6.127786546658009
6.128214455606327
6.129302217398803
6.130213932011219
6.133106464587516
6.1350427712112605
6.1367773164205435
6.138627129499745
6.139267716555412
6.139284413657373
6.140227111587441
6.141169880744374
6.142166789642079
6.144340181988372
6.14494423889958
6.145123081842674
6.145514422176856
6.145688695281871
6.145875514552107
6.146067023097937
6.146187636288527
6.14627476952077
6.146290497145603
6.146597865691503
6.146908259195909
6.14720217432955
6.15167561215992
6.152590533051521
6.157952027544524
6.159674867196219
6.164939039450208
6.166741978203709
6.166833655377359
6.167748791170916
6.168268881229955
6.168815204382989
6.169534323551667
6.170009711867378
6.170037521819965
6.170515243254846
6.1707821949605295
6.176251303863164
6.178906579417516
6.183576360450174
6.186896127910258
6.188124248905188
6.1909334726381395
6.191854212920657
6.1919140275958044
6.192230319098273
6.1965505017881215
6.197352698628281
6.200365036278726
6.2005734298065445
6.200621992443738
6.200864906821977
6.204223947790429
6.205525372005137
6.207465518170132
6.208414926313229
6.210640638458566
6.214698679859086
6.215696373852823
6.217755858613648
6.219249800931761
6.222536729479491
6.228605670629253
6.2287886841957585
6.230313175882004
6.236479103556063
6.236831603486176
6.237142165988099
6.245438308220978
6.253473508574097
6.258780181336924
6.260007191281891
6.264141644656224
6.272978066293395
6.274170601269501
6.282718168154666
6.285985115596247
6.287224705820823
6.287993505421184
6.29117844666518
6.291426015237578
6.300003444949377
6.302725180532015
6.30722665556097
6.365744639702632
