0.03601635169635958
0.09427687886713298
0.0976168316197788
0.12310038944851992
0.13968667116444483
0.1470123974358915
0.15856077548531022
0.15973093867568616
0.17586947756172572
0.1926276951134735
0.20508896510996438
0.21745181117114964
0.22295189285011924
0.23105080754312696
0.23139734111788773
0.24399892084839253
0.25877674001906215
0.2678966679360727
0.2681331806976162
0.2894467860299699
0.3147468906237133
0.32713734269309547
0.3315898731569498
0.3450153692853124
0.34618483215506657
0.3486662782172062
0.35802274814186696
0.3619491270637689
0.36803978249189745
0.3707776346302133
0.37941670072878975
0.3942577179287408
0.397794321523584
0.4032532381880337
0.4101968501662431
0.41251486103361407
0.42511183988146883
0.43101844626594643
0.4359304573693012
0.44115082958583807
0.4465195137975724
0.4476798610730005
0.45484625811872414
0.4603112798868284
0.4876012264017787
0.5011972176239932
0.5032803275284787
0.5125154378471637
0.5199683352463775
0.5221255886566
0.5367802301570389
0.5390802916522316
0.5499182475596706
0.5514631580881777
0.5520326831799245
0.5640081571755091
0.5684641888739053
0.5686634464075558
0.5792581745636127
0.5794798387210829
0.5839987992171618
0.5895401962660966
0.5918211360689409
0.6068384859327978
0.6070247845245744
0.6084505424826072
0.6245338158156789
0.6303019319940962
0.6500041841083906
0.6601493094271536
0.6667340954215183
0.6751165623411992
0.6919565303366597
0.6993189567419545
0.7054166946378431
0.7102013219801712
0.7112938347283787
0.7115001221325982
0.717896333333266
0.7189903829867393
0.7348153851237252
0.7349668353698755
0.7554249800601449
0.7582720342353668
0.7927049484675444
0.7989893992025185
0.8040640658106306
0.8056890233649261
0.8258739447677457
0.8308893537106707
0.8377594578818623
0.8507148537442892
0.8645582338011095
0.8712110163436275
0.8882715319271324
0.9430668302197835
0.9453334801521287
0.9722406828937586
1.0956734678397524
1.2624142318113236
