6 0.07028896061267847 0.5001767818200075 0.5002320450626292 1.2000511310799082
6 0.0918497818832188 0.5000149290123975 0.5000229677775437 1.200033221622045
6 0.09999486726431656 0.49998398438596564 0.499982075242261 1.2001283658643218
6 0.16488852972752266 0.4999158805723795 0.49992067934706824 1.1999959561348112
6 0.18298664785728502 0.4999543150168293 0.4999533065177482 1.200104803206717
6 0.20400190254271305 0.5000091796826382 0.5000147196764958 1.2000617877438722
6 0.20558194324977874 0.49975300372874204 0.49969491034632385 1.200035546983463
6 0.21014427621678233 0.5000114684801416 0.5000198930255579 1.200025519904734
6 0.2104232386724072 0.5000484732235692 0.5000570208932473 1.200129689972261
6 0.2565972117214794 0.49987493458602666 0.49989348190213284 1.1999052633353318
6 0.27931255972739505 0.49987575205129836 0.4998990382805503 1.1999052651521602
6 0.28261199778728674 0.5001529992131332 0.5001537196877084 1.1998387994135515
6 0.28753185362239847 0.5000747339020242 0.5000764853392953 1.1999649671037749
6 0.29139782825740274 0.49998218808382816 0.49997724736315363 1.2001599551708813
6 0.30172091733849116 0.5000394765535278 0.5000382308112694 1.2000165323028458
6 0.3029907302725553 0.49990574479005995 0.49991867576147275 1.2001055035567119
6 0.3041955776474884 0.4998250962836849 0.4998438260639061 1.2001076740290104
6 0.30680598387446634 0.49992038043384135 0.49993468924208084 1.1998535796991654
6 0.31753220367189017 0.5000745013944167 0.5000758661844154 1.2002383796569351
6 0.31778596410043314 0.5000504908033996 0.5000586834565851 1.1999537184714701
6 0.3187577995825016 0.500107107505275 0.5001010471597591 1.199979921232563
6 0.31887335514339 0.5001458722939247 0.5001443878937896 1.1999236259680306
6 0.3365989803754499 0.49991736121921504 0.49992564276728674 1.200036687615388
6 0.3483979322918336 0.4999901276887762 0.4999828495071034 1.2002279882336342
6 0.35421529011744635 0.49999027569036564 0.4999955497177012 1.2001626095137123
6 0.3618424558118546 0.49998480187846694 0.4999820957825026 1.199940463128807
6 0.3628405336890238 0.5000861758090064 0.5000843152732564 1.1998809641974557
6 0.37050030014301105 0.5001007473684576 0.5000906239599566 1.1998594412610732
6 0.37561013618777644 0.4999776947237856 0.4999724997996196 1.1999207331756714
6 0.3771267236741614 0.4999619784808131 0.4999578140164797 1.1999263270520015
6 0.38500685887898906 0.500066742057257 0.5000633887168026 1.1999734728262061
6 0.38874599657645803 0.4999232816261318 0.49994032405864464 1.1999729332082887
6 0.3992924553903132 0.5000075693871744 0.5000111915233074 1.199790495914102
6 0.4080296475987192 0.4999919296403759 0.4999956674215657 1.2000109100514125
6 0.41066517401367314 0.499905421323719 0.49991414034384934 1.2000537053808336
6 0.4209659500817855 0.49991891705838376 0.49993147865391896 1.1999469778417158
6 0.4317163249235881 0.50008498199032 0.5000801297313153 1.2000626577841649
6 0.4341356735061063 0.5001137177225138 0.5001134663739873 1.1999685268938702
6 0.4342514430536346 0.4999831588865882 0.49998101371053644 1.2000950447036027
6 0.4352804302603972 0.49978760225528446 0.49980623156211224 1.2001514640948905
6 0.4407113023667231 0.49992381421531057 0.499941843587888 1.1998266905474682
6 0.4415840970958486 0.5001120386811282 0.5001022721182239 1.1998380672726559
6 0.4520804409204058 0.5001184508346633 0.5001228483826939 1.2001351062468752
6 0.46693131593564874 0.5001068898588981 0.5000991070034001 1.1999431923643722
6 0.4676588132181244 0.4999695193972578 0.4999614200913577 1.1998893942410453
6 0.4714166302381515 0.49997573236303094 0.4999672704215809 1.2000265852745755
6 0.47812683994841315 0.500016529392036 0.5000249097322993 1.2000927031200255
6 0.48160294634154155 0.5000067516838619 0.5000108224054501 1.1999665575760767
6 0.49179583209649547 0.4999927331708881 0.499996298469292 1.2001101058663146
6 0.49239216434259414 0.49985917460072754 0.49987194121713246 1.1999336382918113
6 0.5009373407374229 0.49987325211637484 0.49988801709606434 1.2001406709443598
6 0.5028263961662683 0.5001355831962901 0.5001412709028471 1.199907941447364
6 0.5136867801274757 0.5001196232624012 0.5001330360795603 1.200132839810276
6 0.5144884486175519 0.5001279207422823 0.5001333747923155 1.2000883745928526
6 0.5180025523522707 0.4999660500730404 0.49995957369946775 1.200022556412113
6 0.5251002780310561 0.4999476604003866 0.499950193959754 1.2000493810494
6 0.5352970263876913 0.5001679785325945 0.5001984857627642 1.1999783865858908
6 0.5395191440849528 0.4998109738913621 0.4998201258684646 1.20008677449386
6 0.5518261954778001 0.49984836469157384 0.499870677224764 1.1999880001334327
6 0.5526447967288036 0.4999503901293299 0.49995073796344913 1.2000306722929033
6 0.5569764896542398 0.5001024028188357 0.5000970042148639 1.200017887235918
6 0.5615281917968945 0.5000476025302012 0.5000535330216304 1.199968201371325
6 0.5978643557913159 0.5000663729390864 0.5000612709046407 1.200170629655994
6 0.5983494594786427 0.500068649236891 0.5000641599393866 1.2001059593839518
6 0.602508376656099 0.5001135502541154 0.5001060956573006 1.1998490154263195
6 0.6046109941006066 0.5000065208356802 0.5000061366951821 1.1999414977292477
6 0.6137185114753989 0.5001009429598775 0.5000920012571121 1.199916160079954
6 0.6184594513897737 0.5001443090720695 0.5001426400810615 1.200013602849104
6 0.6187115899676748 0.49993428945352913 0.4999474413428616 1.1999677207251285
6 0.6192582459096075 0.500085032033407 0.5000836500425524 1.1999548685391084
6 0.6275729045049615 0.5000453724425203 0.5000399477137807 1.2001169344093157
6 0.6353076630567297 0.49986098802248047 0.4998742389728421 1.2001478438747553
6 0.6477604350277919 0.5000742514676073 0.500064907802346 1.2001149483214246
6 0.6500663729932878 0.49978247742632326 0.49978488599955445 1.1998601790314039
6 0.6541805468095782 0.49986887239942074 0.4998844797390435 1.199861677240772
6 0.6635488318464378 0.499761193833677 0.4997736785806941 1.2000181641436336
6 0.6785285596642203 0.4999314539443642 0.49994694017022034 1.2000691029793904
6 0.6800929813917946 0.49998064658612845 0.4999739925525273 1.1999938143879514
6 0.6824593221968107 0.49988639939867446 0.49990660582599067 1.2000404539676166
6 0.6968998185919696 0.49991891058986226 0.4999271025713317 1.2000807711083379
6 0.6984583187182145 0.5000114929313643 0.5000222318960067 1.2000638792917018
6 0.704049703754401 0.49999319309263424 0.4999985940076967 1.2001946003008122
6 0.7070976269105474 0.4999848870183412 0.4999822144972863 1.2000537832581528
6 0.7174117259129499 0.500006204409531 0.5000024906249697 1.1999810054890037
6 0.7219927199337435 0.5002347577467233 0.500319950649809 1.1999115227407178
6 0.7228024375414674 0.500086318623422 0.5000844140464059 1.199905026052966
6 0.7271592721016735 0.5000472606341948 0.5000529053661641 1.2000881489995276
6 0.7297557774784355 0.49989576182944034 0.4999119949603957 1.199874656986178
6 0.7371617211346687 0.5000576905546544 0.5000595742957427 1.1998401898800153
6 0.7452170605034727 0.5000959907144257 0.500084843453852 1.200001561215679
6 0.7501059425364641 0.5001129018788153 0.5001055562603598 1.2001761792897947
6 0.7556353461068254 0.500036964176188 0.5000293010353098 1.1998420226151174
6 0.7621915225098892 0.49998267792109413 0.49997828729553845 1.2000226989810796
6 0.7821997725834755 0.5000966785925596 0.5000902681796109 1.200047065871021
6 0.7950277051961627 0.49984584697185996 0.49985624742183926 1.1999299767537424
6 0.820514342252221 0.4998786398384903 0.49990555412420146 1.2000946568523272
6 0.8273176035231193 0.49990997098058076 0.49992018274459404 1.2000085934944145
6 0.8581197232718756 0.4999294376863311 0.49994437653203283 1.1999116100519833
6 0.9143771389802522 0.5001914486383597 0.5002740497615719 1.1999026816601623
6 0.9231114825028899 0.4999445643835143 0.49994798451914724 1.199948798198171
