1.1999722016409382
1.1999796870099653
1.1999800601869304
1.1999812688919302
1.1999821627925178
1.1999831243314878
1.1999838327064858
1.1999854594015087
1.1999862585438288
1.1999863625051257
1.1999869600924082
1.1999870843126006
1.199987194366866
1.1999873033565327
1.199987323109634
1.199987986412392
1.1999883764845178
1.1999887910616633
1.1999894120757204
1.199989981242473
1.1999899833207042
1.199991359735977
1.1999914445599904
1.1999918659659738
1.1999920650457563
1.1999922822505222
1.1999924898098744
1.199993034194158
1.199993390377347
1.1999936670602582
1.1999937253676678
1.199994363353467
1.1999944562964928
1.1999944708181656
1.1999945367121019
1.1999947163838725
1.1999948035253905
1.1999948822203426
1.1999950723188482
1.199995455656906
1.199995744233129
1.199995981018359
1.1999964634868663
1.1999966748020796
1.1999969862441975
1.1999970004646288
1.199997188736244
1.1999978948760046
1.1999988205083754
1.1999991846039266
1.199999504746432
1.199999592354476
1.1999996233538304
1.1999998492258441
1.200000054464394
1.2000006319056022
1.2000007408697908
1.200001118797496
1.200001192449315
1.2000013696258278
1.2000019423569448
1.2000019980422425
1.20000223091139
1.2000024988727584
1.2000026629844032
1.2000027686164254
1.2000035715306545
1.2000035976896704
1.2000044298062684
1.2000046658419663
1.2000050472270893
1.2000055000522527
1.2000056739577756
1.200005832095126
1.2000062256470756
1.2000066377835952
1.2000067441121944
1.200007924005858
1.2000083506508692
1.2000088075587585
1.2000092399894353
1.2000092931987683
1.2000093932365863
1.200009564492015
1.200009963964997
1.2000108417380366
1.2000114625423548
1.200011808496731
1.2000122351729832
1.200012495157812
1.2000138730671825
1.2000142626182488
1.200014305065179
1.2000145305681431
1.200015319294459
1.2000156468008703
1.2000177482501693
1.2000179907792432
1.2000218046633984
1.2000230658919155
