0 4 7
1 4 7
2 4 7
3 4 7
4 4 7
5 4 7
6 4 7
7 4 7
8 4 7
9 4 7
10 4 7
11 4 7
12 4 7
13 4 7
14 4 7
15 4 7
16 4 7
17 4 7
18 4 7
19 4 7
20 4 7
21 4 7
22 4 7
23 4 7
24 4 7
25 4 7
26 4 7
27 4 7
28 4 7
29 4 7
30 4 7
31 4 7
32 4 7
33 4 7
34 4 7
35 4 7
36 4 7
37 4 7
38 4 7
39 4 7
40 4 7
41 4 7
42 4 7
43 4 7
44 4 7
45 4 7
46 4 7
47 4 7
48 4 7
49 4 7
50 4 7
51 4 7
52 4 7
53 4 7
54 4 7
55 4 7
56 4 7
57 4 7
58 4 7
59 4 7
60 4 7
61 4 7
62 4 7
63 4 7
64 4 7
65 4 7
66 4 7
67 4 7
68 4 7
69 4 7
70 4 7
71 4 7
72 4 7
73 4 7
74 4 7
75 4 7
76 4 7
77 4 7
78 4 7
79 4 7
80 4 7
81 4 7
82 4 7
83 4 7
84 4 7
85 4 7
86 4 7
87 4 7
88 4 7
89 4 7
90 4 7
91 4 7
92 4 7
93 4 7
94 4 7
95 4 7
96 4 7
97 4 7
98 4 7
99 4 7
