0.49975300372874204 0.49969491034632385
0.499761193833677 0.4997736785806941
0.49978247742632326 0.49978488599955445
0.49978760225528446 0.49980623156211224
0.4998109738913621 0.4998201258684646
0.4998250962836849 0.4998438260639061
0.49984584697185996 0.49985624742183926
0.49984836469157384 0.499870677224764
0.49985917460072754 0.49987194121713246
0.49986098802248047 0.4998742389728421
0.49986887239942074 0.4998844797390435
0.49987325211637484 0.49988801709606434
0.49987493458602666 0.49989348190213284
0.49987575205129836 0.4998990382805503
0.4998786398384903 0.49990555412420146
0.49988639939867446 0.49990660582599067
0.49989576182944034 0.4999119949603957
0.499905421323719 0.49991414034384934
0.49990574479005995 0.49991867576147275
0.49990997098058076 0.49992018274459404
0.4999158805723795 0.49992067934706824
0.49991736121921504 0.49992564276728674
0.49991891058986226 0.4999271025713317
0.49991891705838376 0.49993147865391896
0.49992038043384135 0.49993468924208084
0.4999232816261318 0.49994032405864464
0.49992381421531057 0.499941843587888
0.4999294376863311 0.49994437653203283
0.4999314539443642 0.49994694017022034
0.49993428945352913 0.4999474413428616
0.4999445643835143 0.49994798451914724
0.4999476604003866 0.499950193959754
0.4999503901293299 0.49995073796344913
0.4999543150168293 0.4999533065177482
0.4999619784808131 0.4999578140164797
0.4999660500730404 0.49995957369946775
0.4999695193972578 0.4999614200913577
0.49997573236303094 0.4999672704215809
0.4999776947237856 0.4999724997996196
0.49998064658612845 0.4999739925525273
0.49998218808382816 0.49997724736315363
0.49998267792109413 0.49997828729553845
0.4999831588865882 0.49998101371053644
0.49998398438596564 0.499982075242261
0.49998480187846694 0.4999820957825026
0.4999848870183412 0.4999822144972863
0.4999901276887762 0.4999828495071034
0.49999027569036564 0.4999955497177012
0.4999919296403759 0.4999956674215657
0.4999927331708881 0.499996298469292
0.49999319309263424 0.4999985940076967
0.500006204409531 0.5000024906249697
0.5000065208356802 0.5000061366951821
0.5000067516838619 0.5000108224054501
0.5000075693871744 0.5000111915233074
0.5000091796826382 0.5000147196764958
0.5000114684801416 0.5000198930255579
0.5000114929313643 0.5000222318960067
0.5000149290123975 0.5000229677775437
0.500016529392036 0.5000249097322993
0.500036964176188 0.5000293010353098
0.5000394765535278 0.5000382308112694
0.5000453724425203 0.5000399477137807
0.5000472606341948 0.5000529053661641
0.5000476025302012 0.5000535330216304
0.5000484732235692 0.5000570208932473
0.5000504908033996 0.5000586834565851
0.5000576905546544 0.5000595742957427
0.5000663729390864 0.5000612709046407
0.500066742057257 0.5000633887168026
0.500068649236891 0.5000641599393866
0.5000742514676073 0.500064907802346
0.5000745013944167 0.5000758661844154
0.5000747339020242 0.5000764853392953
0.50008498199032 0.5000801297313153
0.500085032033407 0.5000836500425524
0.5000861758090064 0.5000843152732564
0.500086318623422 0.5000844140464059
0.5000959907144257 0.500084843453852
0.5000966785925596 0.5000902681796109
0.5001007473684576 0.5000906239599566
0.5001009429598775 0.5000920012571121
0.5001024028188357 0.5000970042148639
0.5001068898588981 0.5000991070034001
0.500107107505275 0.5001010471597591
0.5001120386811282 0.5001022721182239
0.5001129018788153 0.5001055562603598
0.5001135502541154 0.5001060956573006
0.5001137177225138 0.5001134663739873
0.5001184508346633 0.5001228483826939
0.5001196232624012 0.5001330360795603
0.5001279207422823 0.5001333747923155
0.5001355831962901 0.5001412709028471
0.5001443090720695 0.5001426400810615
0.5001458722939247 0.5001443878937896
0.5001529992131332 0.5001537196877084
0.5001679785325945 0.5001984857627642
0.5001767818200075 0.5002320450626292
0.5001914486383597 0.5002740497615719
0.5002347577467233 0.500319950649809
