13 6.10000898912336 0.0009059151008802 0.00036236604035208 0.00018118302017604
13 6.100010476252628 0.02486960250718994 0.009947841002875976 0.004973920501437988
13 6.1000004800298155 0.08297050935592791 0.033188203742371164 0.016594101871185582
13 6.100014592185221 0.09829975986698186 0.039319903946792745 0.019659951973396372
13 6.100000692787951 0.10504372795564063 0.04201749118225625 0.021008745591128124
13 6.099999563927522 0.10930822982879294 0.04372329193151718 0.02186164596575859
13 6.099996470273551 0.11922700172584606 0.047690800690338424 0.023845400345169212
13 6.100003870405865 0.12676944741921145 0.05070777896768458 0.02535388948384229
13 6.099998524120235 0.1400834663590117 0.05603338654360467 0.028016693271802336
13 6.100001527989146 0.16441569419383123 0.06576627767753249 0.03288313883876624
13 6.100017591185899 0.17733707348722721 0.07093482939489089 0.035467414697445444
13 6.099982664803851 0.1880545606912991 0.07522182427651965 0.037610912138259824
13 6.100003150696838 0.21174758434426616 0.08469903373770647 0.042349516868853236
13 6.100013074815258 0.21366818538972995 0.08546727415589199 0.042733637077945995
13 6.099982244176181 0.22156573263579676 0.08862629305431871 0.044313146527159356
13 6.100007942607756 0.2224334489157748 0.08897337956630992 0.04448668978315496
13 6.099993264692414 0.2262000863401791 0.09048003453607165 0.04524001726803582
13 6.100004141300749 0.22956971228079354 0.09182788491231741 0.04591394245615871
13 6.099996042920771 0.2424087073578971 0.09696348294315883 0.048481741471579416
13 6.100007327037614 0.2463232203391289 0.09852928813565155 0.049264644067825776
13 6.099982261322251 0.24734928466248024 0.09893971386499209 0.049469856932496045
13 6.100006930718702 0.25406366866641356 0.10162546746656542 0.05081273373328271
13 6.100010471930348 0.25939069328875625 0.10375627731550251 0.051878138657751253
13 6.100018589705805 0.2598541661450613 0.10394166645802451 0.051970833229012255
13 6.099983391699982 0.261806202054027 0.1047224808216108 0.0523612404108054
13 6.100002535599297 0.2777300347332143 0.11109201389328571 0.055546006946642856
13 6.100009728629197 0.2835961329269594 0.11343845317078376 0.05671922658539188
13 6.099996793380654 0.28532387116716335 0.11412954846686532 0.05706477423343266
13 6.09999541410983 0.29923991897716096 0.11969596759086437 0.059847983795432186
13 6.100002082754885 0.30574856231324954 0.12229942492529981 0.061149712462649906
13 6.100006156949366 0.31367335610936825 0.1254693424437473 0.06273467122187365
13 6.100001261142446 0.3159181082676436 0.12636724330705745 0.06318362165352873
13 6.099993925031509 0.31833360033372826 0.12733344013349132 0.06366672006674566
13 6.10000148872492 0.319092458273162 0.12763698330926482 0.06381849165463241
13 6.100004161771409 0.3260056040626678 0.13040224162506714 0.06520112081253357
13 6.099995418829739 0.3274338616851554 0.13097354467406216 0.06548677233703108
13 6.0999968798405275 0.32854308531331405 0.13141723412532563 0.06570861706266282
13 6.100006926921202 0.3318668848863561 0.13274675395454244 0.06637337697727122
13 6.100005398974789 0.33478710073003 0.13391484029201198 0.06695742014600599
13 6.099990469491695 0.33993918082360325 0.1359756723294413 0.06798783616472065
13 6.099998291655065 0.34264721952829036 0.13705888781131614 0.06852944390565807
13 6.099989384220363 0.34885666221960443 0.13954266488784178 0.06977133244392089
13 6.100019578005108 0.3574279190406898 0.14297116761627593 0.07148558380813796
13 6.099997878030022 0.3629588951011314 0.14518355804045258 0.07259177902022629
13 6.099982394521425 0.3659495338455117 0.1463798135382047 0.07318990676910235
13 6.099974524694584 0.36657539803581046 0.14663015921432418 0.07331507960716209
13 6.099998636290126 0.3688945971315646 0.14755783885262586 0.07377891942631293
13 6.099988936188386 0.3690899272284009 0.14763597089136035 0.07381798544568018
13 6.0999881560825555 0.37415112528137884 0.14966045011255155 0.07483022505627578
13 6.100001644370765 0.3792512479769842 0.15170049919079368 0.07585024959539684
13 6.099996939203171 0.38003510869866874 0.1520140434794675 0.07600702173973375
13 6.100006645846985 0.388244375687934 0.15529775027517362 0.07764887513758681
13 6.100014887343864 0.3894426573440933 0.1557770629376373 0.07788853146881865
13 6.099982185949819 0.39675880704108063 0.15870352281643224 0.07935176140821612
13 6.100024541185709 0.39759755357508303 0.15903902143003323 0.07951951071501662
13 6.100016292863187 0.39957597796883315 0.15983039118753326 0.07991519559376663
13 6.100006958226704 0.4021048693029683 0.16084194772118732 0.08042097386059366
13 6.100017939095178 0.4079705439955566 0.16318821759822263 0.08159410879911132
13 6.099997860944815 0.4156932116809974 0.16627728467239897 0.08313864233619948
13 6.099974133617645 0.42272392280380466 0.16908956912152187 0.08454478456076094
13 6.099996132716254 0.43152301225818357 0.17260920490327344 0.08630460245163672
13 6.100004249041959 0.4357590842483064 0.17430363369932256 0.08715181684966128
13 6.100005138778741 0.43836702113246384 0.17534680845298556 0.08767340422649278
13 6.100009144922882 0.456885061931085 0.18275402477243402 0.09137701238621701
13 6.099982772780537 0.46808373993658897 0.1872334959746356 0.0936167479873178
13 6.100009297095872 0.46950720185101413 0.18780288074040566 0.09390144037020283
13 6.100001890789432 0.47036531286397026 0.1881461251455881 0.09407306257279405
13 6.10000538605764 0.4747842580442518 0.1899137032177007 0.09495685160885035
13 6.100001398895325 0.5079302119579313 0.20317208478317253 0.10158604239158626
13 6.099996650507416 0.521462499841487 0.20858499993659477 0.10429249996829738
13 6.100015744523858 0.5298932501929152 0.21195730007716612 0.10597865003858306
13 6.100019731842807 0.53542086858345 0.21416834743338 0.10708417371669
13 6.100031004601241 0.5388709282803185 0.21554837131212737 0.10777418565606368
13 6.099997404178403 0.541686935412696 0.2166747741650784 0.1083373870825392
13 6.100007456937462 0.5450432015978681 0.21801728063914724 0.10900864031957362
13 6.099999891546088 0.5470693487458249 0.21882773949832998 0.10941386974916499
13 6.10000129037806 0.5561713564374214 0.22246854257496856 0.11123427128748428
13 6.10000882342689 0.5627029291068576 0.22508117164274305 0.11254058582137152
13 6.099995635589576 0.5660077434556817 0.2264030973822727 0.11320154869113636
13 6.099976684978914 0.5699806385783559 0.22799225543134236 0.11399612771567118
13 6.099996594883972 0.5832914382702975 0.23331657530811903 0.11665828765405951
13 6.099997137863353 0.5840254504665948 0.23361018018663793 0.11680509009331896
13 6.099999738557587 0.590667553361108 0.2362670213444432 0.1181335106722216
13 6.100001629906084 0.5974558213221117 0.23898232852884468 0.11949116426442234
13 6.100018458791609 0.6018448113597029 0.24073792454388115 0.12036896227194058
13 6.09999137695243 0.6113158716269957 0.2445263486507983 0.12226317432539915
13 6.100002063504799 0.6152097155175811 0.24608388620703242 0.12304194310351621
13 6.099984063231319 0.623948188965668 0.2495792755862672 0.1247896377931336
13 6.100005394856612 0.6395305380647097 0.25581221522588393 0.12790610761294197
13 6.100005396305197 0.6782830442122059 0.27131321768488237 0.13565660884244118
13 6.099976421290755 0.6796929822414971 0.27187719289659884 0.13593859644829942
13 6.100014708855926 0.707601981799142 0.2830407927196568 0.1415203963598284
13 6.099987537846643 0.721061410681152 0.2884245642724608 0.1442122821362304
13 6.099993608673682 0.7285062047327431 0.29140248189309725 0.14570124094654863
13 6.10001026561979 0.7358266440879436 0.29433065763517746 0.14716532881758873
13 6.100001871994251 0.7412429197255828 0.2964971678902331 0.14824858394511656
13 6.1000055034858836 0.7462945914509578 0.2985178365803831 0.14925891829019156
13 6.1000032250728005 0.7790312652155554 0.3116125060862222 0.1558062530431111
13 6.100002266862664 0.8823352680324335 0.3529341072129734 0.1764670536064867
13 6.100001557906649 1.0255280285187958 0.4102112114075183 0.20510560570375916
