6.099974133617645
6.099974524694584
6.099976421290755
6.099976684978914
6.099982185949819
6.099982244176181
6.099982261322251
6.099982394521425
6.099982664803851
6.099982772780537
6.099983391699982
6.099984063231319
6.099987537846643
6.0999881560825555
6.099988936188386
6.099989384220363
6.099990469491695
6.09999137695243
6.099993264692414
6.099993608673682
6.099993925031509
6.09999541410983
6.099995418829739
6.099995635589576
6.099996042920771
6.099996132716254
6.099996470273551
6.099996594883972
6.099996650507416
6.099996793380654
6.0999968798405275
6.099996939203171
6.099997137863353
6.099997404178403
6.099997860944815
6.099997878030022
6.099998291655065
6.099998524120235
6.099998636290126
6.099999563927522
6.099999738557587
6.099999891546088
6.1000004800298155
6.100000692787951
6.100001261142446
6.10000129037806
6.100001398895325
6.10000148872492
6.100001527989146
6.100001557906649
6.100001629906084
6.100001644370765
6.100001871994251
6.100001890789432
6.100002063504799
6.100002082754885
6.100002266862664
6.100002535599297
6.100003150696838
6.1000032250728005
6.100003870405865
6.100004141300749
6.100004161771409
6.100004249041959
6.100005138778741
6.10000538605764
6.100005394856612
6.100005396305197
6.100005398974789
6.1000055034858836
6.100006156949366
6.100006645846985
6.100006926921202
6.100006930718702
6.100006958226704
6.100007327037614
6.100007456937462
6.100007942607756
6.10000882342689
6.10000898912336
6.100009144922882
6.100009297095872
6.100009728629197
6.10001026561979
6.100010471930348
6.100010476252628
6.100013074815258
6.100014592185221
6.100014708855926
6.100014887343864
6.100015744523858
6.100016292863187
6.100017591185899
6.100017939095178
6.100018458791609
6.100018589705805
6.100019578005108
6.100019731842807
6.100024541185709
6.100031004601241
