0.1186064625286512
0.14959661686077952
0.21198954473822473
0.25349499122344
0.25771116516190523
0.2791714251657402
0.2806044007122195
0.282017111680092
0.28405809173107416
0.28685926773924875
0.2878664908876175
0.2920338766975156
0.2950759615186668
0.2995611229890949
0.3003053749714626
0.3034111999639692
0.3111258271371461
0.3124963439260169
0.31635857787787586
0.3174806856060527
0.3174973909783638
0.3196535061964597
0.32387306483493083
0.33030792785999674
0.3305916722067779
0.33061467537380496
0.3309001397192603
0.3316149920234258
0.3332799198309101
0.333523897292646
0.334663250065392
0.3356794821535416
0.33596886335730214
0.33828351464265094
0.3384476274809626
0.3387951929830605
0.34041205081019366
0.3405012937269564
0.34068298223226345
0.34284058277734886
0.3429772828611183
0.34995069355210384
0.35004561044554655
0.35016370710939404
0.35180976863083235
0.3537756822239178
0.35468348384084325
0.3548086159277748
0.35561673976035335
0.3572928288116154
0.3584474526777879
0.3615135406986616
0.36315473913523755
0.3635441893144915
0.3635928213561995
0.36613572849179216
0.36841757097897637
0.3712099611740454
0.372147297913907
0.3736159491845703
0.37416223579698066
0.37659256712914974
0.3801254403690574
0.3804258312671833
0.38077860853057366
0.38088134092014786
0.3817098934634561
0.38176678454346313
0.38183600843084764
0.38201901082077816
0.38245403375622367
0.3825402517179755
0.38280934018159024
0.3832839457264341
0.3836038700674307
0.38559414125191915
0.3869104768095876
0.38696761575340854
0.3873176258612724
0.3873704629232754
0.38830807564865755
0.3884834258850086
0.38868212909763167
0.3903348794751421
0.39070351392585917
0.3922632771962415
0.3926670208145344
0.39408628665742085
0.39464511257531565
0.39659689656885627
0.3970866674899698
0.39758869704151956
0.3981399240357546
0.39922346847604173
0.40005292932139525
0.4003667281552765
0.40067830859040465
0.4010990411108892
0.4013264155734468
0.4029031659584056
0.40400814117199335
0.4040471632229762
0.4046286445411632
0.40529324700976826
0.4056743638578922
0.40602396862888823
0.4064254841553263
0.4082218781657788
0.4088722872851453
0.41036065058031074
0.4105993540960201
0.4114654077313554
0.411924885406311
0.4144362059414484
0.41465421297613214
0.41535106242447706
0.41667473161702917
0.4170418129976732
0.4172360046382326
0.4179688761401873
0.41842871778390794
0.41882315190486563
0.41994493408556594
0.420125882092897
0.4206598245967356
0.4212462403051104
0.42152885604576995
0.42211669821050624
0.4222145334029113
0.4228296056681105
0.4251544222243703
0.4253431377295096
0.42576746700848855
0.42586857683744495
0.4259433211879357
0.42621686331862074
0.42632001326471003
0.42762758763827574
0.42773537074470663
0.4279348358210791
0.4280841159311482
0.42871221253731195
0.4314969611704687
0.4323853121164721
0.4336041860569261
0.43365456855790596
0.4340891939356861
0.4341929204700772
0.4345273356683773
0.4349411902456051
0.4351655074369104
0.4353482996317049
0.435652960239434
0.43599741488304883
0.43693627085443315
0.4369794217645834
0.43717774995505465
0.4376851004585222
0.4379144551668413
0.4398988414599541
0.44091856258813567
0.44153170733311303
0.4416878007959077
0.4417631423232543
0.4420108437626338
0.4420843601211929
0.4425102844382143
0.4432280852064619
0.4433018762979808
0.4433094647111997
0.4441977081353108
0.4451478097856478
0.4452409963598335
0.4457894995901147
0.4461635906750531
0.4462383248373574
0.44632020966603103
0.4464004510059666
0.44640562540597156
0.4466679750913046
0.44731240976497627
0.4483098242552972
0.44878660907173695
0.4489287418400541
0.44911200417258534
0.45016287339607963
0.4504999582052279
0.4519228415285516
0.4527641062127404
0.4528593594774701
0.45320433310846375
0.45381816363771277
0.4540810338099154
0.4542177234301607
0.4542495701242283
0.45439421285774845
0.45465873296203974
0.4550580977751224
0.45585368326022513
0.45661442756230863
0.45662359618641113
0.457769753880583
0.4586704802575087
0.4598049116207783
0.4618028314932573
0.4625715380165803
0.4625879009338982
0.4652477584693732
0.46552763133702774
0.4658276851028081
0.46595784316150934
0.46606307572369543
0.4665845258396831
0.46740412587947106
0.4680825760010201
0.4688789217798624
0.4689062491043382
0.469209902681483
0.46929756581778187
0.46959098160617657
0.469813331177363
0.4698513189025673
0.4700027424068044
0.47000542012385854
0.470128132749649
0.47012960645516194
0.4701569878471723
0.4701675425451864
0.4707674153564353
0.4709224458821148
0.4725635107271225
0.47356807587950484
0.47471006872580895
0.4770045261875473
0.47719526160627385
0.4776359389229759
0.47800053204229725
0.47878860483654817
0.47945815072834497
0.48049505418264055
0.4808112247933669
0.4811074273474925
0.48127050329773324
0.4814613071251835
0.482289884826942
0.48236122385325664
0.4826034471157594
0.4833246776439242
0.4834307789686944
0.483477158858305
0.48383605617653774
0.4840614633196014
0.4840760851060364
0.48513169296411784
0.48517647471010633
0.4853300425277886
0.48605346476660244
0.4865605559468807
0.4867486604764424
0.48678947077460466
0.48711568749957673
0.48730229237957506
0.4875180540452778
0.48802060078325027
0.48813380332249234
0.48861400555599255
0.4886937627021033
0.4887149830269708
0.48874390915248783
0.4888815556621426
0.4896682825061369
0.4898814973211553
0.4910993353242493
0.49117228312510186
0.49132911863244555
0.4914977059744444
0.49181910332920004
0.4927813067248363
0.49294328010405497
0.49298659374393955
0.4942511993648727
0.49441252920432005
0.4944201993016116
0.4960507210794053
0.4962633605481374
0.4963828710610268
0.4967555122128526
0.4973642949283438
0.49745987362445676
0.49774785902615687
0.49793951308260537
0.49834008709973393
0.4983697282812578
0.49870888052029405
0.4996798526244051
0.5001755709795744
0.500455495558547
0.5012190769769427
0.5016958852555897
0.5020282364577009
0.5021029035122478
0.5021542546895152
0.5023174210120714
0.5028840764883798
0.5037916588476488
0.5039337796899045
0.5039379192532093
0.5043090477521188
0.5045016739340192
0.5046652756099759
0.5053567694920315
0.5059294559734826
0.5077486130841089
0.5083392618907082
0.5086677581240809
0.5088695792491649
0.5092123459888945
0.5098883194836941
0.5108110178890389
0.5108612557152228
0.5123799227331345
0.5127523209753365
0.5127872111159694
0.513498238691051
0.5144836870947214
0.5145577932425592
0.5146579220984092
0.5154661265678787
0.5157452120060153
0.5158203919035111
0.515991511468199
0.5161333302352883
0.5163748155330703
0.5167372481035173
0.5172711307136725
0.5175725394158917
0.5177146852504056
0.5179532751086509
0.5182413670445928
0.5187578972528913
0.519321097359973
0.519643982161182
0.5200812073168821
0.5203280039180733
0.5204769746039042
0.5205122852115468
0.5208953111871715
0.5209930304813695
0.521120192957142
0.5212215909033746
0.521402516087766
0.5223376845580378
0.5229821413207758
0.5235643369038531
0.5236028584534652
0.5237007534965812
0.525076547613908
0.5283612410062789
0.5292852371196528
0.5293281201499482
0.5312482639162206
0.5312714846585547
0.5312793264923868
0.5315084323619076
0.5315634806101696
0.5317239050366398
0.5325411598171556
0.532989850327543
0.5330823400248835
0.5331899926651431
0.5336595111151842
0.5336702484098071
0.533826770556094
0.5338595091972146
0.5347859415471754
0.5349572698681974
0.5352438155282669
0.53597317516595
0.5363307934349502
0.5363823867806806
0.5364776907530082
0.5367007945025214
0.5371621257147501
0.5375809224999029
0.5380259202235205
0.5381111532975978
0.538178479836118
0.5382692991547355
0.5383071503148549
0.5383380868433396
0.5391536998327323
0.5400562008468706
0.5400608195156473
0.5409670156818109
0.5413301824121839
0.5418801141436793
0.542398022216681
0.5426431229370142
0.5427356088016068
0.5432656770918789
0.5440465247947622
0.5442827485271835
0.5443930970458142
0.5445343123261112
0.5447211805262608
0.5451050728508904
0.5456829000437888
0.5460493510484041
0.5462253931903572
0.5466053624603794
0.5486072552994533
0.5487806254190195
0.5497751716138832
0.5504656702160142
0.5508993337973135
0.5519136421820982
0.5520754083205718
0.5524085258597558
0.5532928613490948
0.5535938235952702
0.5537701656466156
0.5539788302724445
0.5567823642325809
0.5568874597594827
0.5569766810402446
0.5573659539621838
0.559418302960712
0.5594622038507745
0.5595365615942539
0.560191586122562
0.5603263898789194
0.5608261669655344
0.5612564630787507
0.5619010186909257
0.5626698740172321
0.5628856247949885
0.5630181906249639
0.5633907911279156
0.5639588949872174
0.564108485155459
0.5645835056564251
0.5646605935932444
0.5652176208223212
0.5653897464396963
0.5662181366620758
0.5662907341834835
0.5666192597196039
0.5686213515934033
0.5686569402675166
0.5696278496039135
0.5698889994337853
0.5712017865508754
0.5727278037504845
0.573569628091605
0.5736428714611668
0.574143601453158
0.5744568842733824
0.5747025194346804
0.5752043992658581
0.5772236372842032
0.5775789261076532
0.5779446934729736
0.5781889518054586
0.5785907294254159
0.5786804781892517
0.5796339860857842
0.5810754490557689
0.5824962538339203
0.5841037446712779
0.5842837131866185
0.5846233982858697
0.5861407234814853
0.5863949563237143
0.5864725826350099
0.5870776003310764
0.5881029126339552
0.5886569017786794
0.5897937269169842
0.5906386558080595
0.5909117815776399
0.5931458595892595
0.5940099530318013
0.5954065202956085
0.5960654969574515
0.5961110169791397
0.5972437743819571
0.5974944625474186
0.5980748378746845
0.5983999363497657
0.5992241485656724
0.5993236294999578
0.5993470189816523
0.6000960818431964
0.6001350140210018
0.6028584656954564
0.6033761048771953
0.6037369844855234
0.6056130156524315
0.6062131429902606
0.6063195464004971
0.6063573561169572
0.6065019297449288
0.6071708248808901
0.6081019304844243
0.608472727466221
0.6085818885586287
0.6089247044639814
0.6099347673871601
0.6102987677339266
0.6115704837715294
0.6138711443370937
0.6151880689094092
0.6159817196833032
0.6162566226254113
0.6166802786519652
0.6176829230232921
0.6193653456007214
0.6211669006907394
0.6212679096568778
0.6213550279133946
0.6215935998260328
0.6216471777840284
0.6228811666688459
0.6233903438121715
0.6237239453423906
0.6246315101775446
0.6246592668269583
0.6277420784202257
0.6278879714049888
0.628520110829928
0.6286446327344546
0.6290822461881277
0.6292261906701189
0.6311781124308482
0.6312524733425071
0.6332774303697121
0.6332801812864275
0.6367273146564882
0.638543082562241
0.6401866496769806
0.6403255415704953
0.6407684576862733
0.6420915047105789
0.642842752026302
0.6431965924860479
0.6432527957340446
0.6449515690343542
0.6460372243140897
0.6463424685511189
0.6470476032451621
0.648779715552181
0.6521660375318099
0.6522615310852944
0.6529897013551863
0.6546412915240467
0.6595517647876534
0.6595907232323873
0.6605490870900771
0.6633733022967288
0.6634103789740222
0.6640860023917923
0.6641097941375729
0.6655626054918677
0.6667531678369331
0.6671594964798361
0.6673907173084952
0.6685414716952534
0.670590689860552
0.6735762578497707
0.674731088792277
0.6750042333564992
0.6753322042277672
0.6784960146833612
0.6788543496655498
0.679198434357128
0.6865534567019844
0.6887292733815762
0.6902394191613306
0.6928473853481372
0.6948535845904604
0.6978367134102792
0.6984681805689197
0.6993474744061977
0.7030798947441773
0.7099221893818659
0.713536573364295
0.7153184618829277
0.7168747915351324
0.7182861049010353
0.7238696118423215
0.7256639033045993
0.7365517603229309
0.7411220322723346
0.7415522153555085
0.7452902541626769
0.7470879893450129
0.7536029474457893
0.7689505796864355
0.7732709452055958
0.8514629180324759
