0.9341420468850385
0.945311396717135
0.9644453150775077
0.9667320609503226
0.9681549592512787
0.9763560498916231
0.9832194173091295
0.9842767440466866
0.9845706760327599
0.9852635256253486
0.9865016478523773
0.987507804016025
0.9904097949498291
0.9949890154505393
0.9988095922113792
1.0013814115143345
1.0118239207797375
1.011993161202568
1.0137342207656919
1.015053278099173
1.0168698343780893
1.017605697862884
1.019919485596347
1.0253500106193254
1.0266898251032832
1.0298383885532871
1.0325713450403675
1.037371680975397
1.040703722596804
1.044110883866511
1.0441917207283598
1.0445133990240898
1.0470617506436362
1.0471767016851423
1.049065710631032
1.050176147865574
1.050866921711637
1.0548276129201288
1.057594849842019
1.0599399132675436
1.0612701192982839
1.0627718239957462
1.0652482570409392
1.0653931168622681
1.0669033622310002
1.0672308323697088
1.0687020203545796
1.0715812493084602
1.0716055735666272
1.0717395596971138
1.0727401206723481
1.072916482586819
1.0738315252790036
1.0744853253762203
1.0746175764528136
1.0751676133775927
1.0752397917362952
1.0774394293323784
1.078913361697635
1.0795431766761754
1.080458850710929
1.0810134692192652
1.0815605465318132
1.0817220416437079
1.082152857158803
1.082279161424299
1.082769614032525
1.0839097611123019
1.0839115444726592
1.085558390846209
1.085794043756002
1.086806963612633
1.0882239388332646
1.090653012721073
1.0907314756157724
1.0924496919202094
1.0932718074018937
1.0938176832268214
1.0947557158591361
1.0950775112364108
1.0961269192688385
1.0964393796614844
1.096559460328225
1.0980370882318438
1.0981344632383845
1.098172267159809
1.0994965209189798
1.099924517638947
1.100435943717637
1.1013018582424805
1.1016132905759055
1.1017714333197492
1.1022957313369162
1.1039164444078724
1.1042380987645257
1.104252207927083
1.1045742344857647
1.1048858462489406
1.1057585868165256
1.1065287056388575
1.1074650052923747
1.1074827501571982
1.1075668898721653
1.1077666808652074
1.1079888781648422
1.1095793677312202
1.1109606920279025
1.111111452478213
1.112681651444991
1.1127693925294149
1.112777743438388
1.1130994577856135
1.113109137019437
1.113769398592894
1.1139388675438242
1.1142949609900759
1.1152605067711314
1.115537727737129
1.116144483945086
1.1162880325047861
1.1167347851606264
1.118686855831851
1.1195684598036832
1.1202536155772778
1.1208790884785609
1.1211589574183367
1.1212627714252115
1.1218820391749316
1.122067692420592
1.1222142478603752
1.1225756102308055
1.1247150000636794
1.125375919177435
1.1258909553730043
1.126002950832173
1.1260544570225621
1.126361413689381
1.1264030455431875
1.1264675018368657
1.1277204613013083
1.1283252908386057
1.1290487885178744
1.129454854822165
1.130024712823852
1.1305269485312002
1.1313432788553366
1.1315013730700674
1.1324965488623127
1.132696451738101
1.133743393733378
1.133791934353762
1.133840162865259
1.1346145627862156
1.135096802805766
1.1372282261136684
1.1372603099039371
1.1378614289878906
1.138549435751805
1.1388496494544655
1.140201717014454
1.14039227390501
1.1410470191342736
1.1410604455730387
1.1413821034161264
1.1427535280881413
1.1434453729878014
1.1443849821784562
1.1461661814410717
1.1461737353851575
1.1464000717058311
1.14709494353179
1.1477276301172568
1.1482582828395664
1.1490009941005448
1.1491234995386972
1.1495037204332645
1.1495359814050796
1.149727061513978
1.150410054847152
1.1509975793977092
1.1511386238115047
1.1515033848807876
1.151642216244158
1.1539133351054245
1.1547096582050385
1.1556919244029922
1.1561340794363297
1.156171225795619
1.156607895475988
1.1566386124253902
1.1568297760415243
1.1576889234925283
1.1594069971658967
1.159474610720599
1.1602799037433913
1.1603174884611869
1.160491873734952
1.1609162382027696
1.1618752291898489
1.162543147862488
1.1627543251966843
1.1638510158609447
1.163877177141524
1.1640527500511
1.1643662222894473
1.1645989250734963
1.1652774218817281
1.1654574772994104
1.165523728217462
1.1660776561136417
1.1664193527684894
1.16643846934158
1.16644758227732
1.167207933136133
1.1679049692963386
1.1682196715045445
1.1682353614812813
1.16874746696198
1.1689005840416882
1.1693000329466117
1.169368548127885
1.170379296055553
1.1706078551883488
1.1708154757520393
1.1712861993500536
1.1714750135951806
1.1718343870300043
1.1723097818153345
1.1726550383551197
1.1732540090496233
1.1733380172345806
1.173805579118204
1.1743751330505994
1.1748553865013838
1.1748895692065773
1.1754113556249075
1.1756069403213392
1.1757798154955537
1.1759657552945422
1.1772696993691032
1.1776641480565218
1.1785159553380742
1.1788834466330491
1.1795624343649174
1.1795629610588556
1.1797713759774506
1.1800643115426999
1.1803164177370862
1.180557932465463
1.181186068401257
1.1812876507038952
1.1814788552170612
1.1815145197112737
1.1815625024746017
1.1816970669481561
1.1828059294868636
1.1829579901514595
1.1830155041083525
1.1840273171032507
1.1842366654078118
1.1845029933910425
1.1853257023865014
1.1869920907231528
1.188009261162697
1.1883857666154067
1.188517317006848
1.1889035944653235
1.1891655097828737
1.190556574544348
1.1906476470538236
1.1907617024104815
1.1910755076159067
1.1919875982471504
1.1920705227028705
1.192418726820904
1.1928560065688512
1.1929195697779649
1.1933812659093823
1.1938840296621354
1.194046915077674
1.1946926482024225
1.1973809876745638
1.1979369469898966
1.198406335844387
1.1985057801180379
1.1985497621635404
1.1987648697185902
1.1991256764589442
1.1996373740313642
1.1997366421699664
1.2006967679615472
1.20084608981489
1.201142644318954
1.2014089294398336
1.2020232409435796
1.202629180351755
1.2028552416369789
1.2028694836614657
1.2028970238057162
1.2029552664931005
1.2040137436841616
1.2050560719879775
1.2051110063299884
1.205260465428554
1.2053833445781141
1.2058932633193689
1.2061443399226375
1.206378806399551
1.2078903340945335
1.2081592590277392
1.2088700843038336
1.2092703705382604
1.2110501391101878
1.212039550106638
1.2121969270725736
1.2122342716520011
1.2127800462808191
1.2129752819049062
1.2140712373666078
1.21533279638606
1.2153539884716238
1.2160937599447221
1.216224704145273
1.2162712228650858
1.2164019852191124
1.2169415015979197
1.2172754508214378
1.217724784996326
1.2187670130484964
1.2190491845914193
1.2198619915630704
1.2199060104861639
1.220553197825145
1.220990060661761
1.2210125895291875
1.2216887927577094
1.2217723994108414
1.222205594230372
1.2225314499856588
1.222742682870969
1.2230237609131167
1.2231111432020505
1.2232728493120766
1.223643749060168
1.2239287457088461
1.2239545267790881
1.2251649802670375
1.2256883496181628
1.2264524001959598
1.2268333141185277
1.2274810914940246
1.2276094906730979
1.2284597376835578
1.22862513000867
1.2296939184245963
1.2298518248131114
1.230057288517626
1.2302178254296567
1.230734585660101
1.2311137842534374
1.2316042915295555
1.2323395550213814
1.233272637748179
1.2339045522050742
1.2348479460830417
1.2350506475893908
1.2357398393878047
1.2362671563967915
1.2363167415484169
1.236929276816001
1.237116331062615
1.2386038740890497
1.238785372380569
1.239075210338415
1.2393316508635364
1.2395324984221312
1.2403045586898704
1.2403888155498854
1.2420792757440384
1.242445998099377
1.2426402421488456
1.2428009425198645
1.2429519533397808
1.243293366264975
1.2439567641434486
1.2441523623505057
1.2457098563647235
1.2458427112701487
1.246050148965133
1.246698468045893
1.24749973169947
1.2478708465122776
1.2482714945108724
1.248500484890707
1.2490577481422398
1.2493636808375137
1.2494804894371925
1.2496453998400334
1.2496691619656966
1.2500033003357016
1.2505750473520798
1.2508845290110289
1.2511227200574306
1.2516733187880944
1.2524142800443294
1.2524227776131407
1.252735658724622
1.2548727070113868
1.255234540537136
1.255751245663723
1.255813466656941
1.256177714434977
1.2562588757151512
1.256812949666995
1.2584579552873678
1.258562592565471
1.2587948156723139
1.2588584034413606
1.2589997471342378
1.259280294406122
1.2593087734833237
1.2594647575297473
1.2608506383231926
1.2609151583297324
1.2609603339647846
1.2612529109501127
1.263319561350354
1.2644002768513287
1.2644581700128383
1.2650966576373794
1.265334714015034
1.2658316990877634
1.26594814502755
1.2662269056208715
1.2670819454735192
1.267385056462044
1.268704294202026
1.2694693797853975
1.2712003575642727
1.2715022340206146
1.2723147394925247
1.272814692977449
1.273809410146869
1.2745606351990333
1.275086067418334
1.2753183207991738
1.275472043756213
1.2755680864843524
1.2766888908643823
1.2767914040748254
1.2770050554969294
1.2774986605979572
1.278366447488655
1.2789355611680995
1.2799526376008663
1.280051351980119
1.2803347895847341
1.2807167819737089
1.2810633537186213
1.2815844821852926
1.2821448212569906
1.2822165098566412
1.2831736826090618
1.2839934922216116
1.2849076670193469
1.2850001254094554
1.2851607883053853
1.2852820738084287
1.2859488131905952
1.2862569181917163
1.2869249273919237
1.287593787462885
1.2882344535300008
1.2882986755826638
1.2883810994279319
1.289028861475002
1.289121364020065
1.289417445763326
1.2900421911307745
1.290638469863113
1.2910920572553926
1.2915515783502638
1.2915542948640164
1.2921699502025306
1.2922610533296486
1.2931299103536245
1.2942412868857733
1.294590022360294
1.295618150270203
1.2964434407701912
1.2969827192061516
1.2977558484495444
1.3013986450590747
1.3017028922185103
1.3022580047627008
1.3029266048034114
1.302966783279953
1.3030755120268784
1.3032864597952287
1.3038338556039282
1.3049077907974191
1.3050231525985627
1.30513093855198
1.3062140231784687
1.30639858229724
1.3067504503604526
1.3076554479368938
1.3093265195034103
1.3100644819177023
1.310135736650487
1.311170891634856
1.3119461348674364
1.3123826399745586
1.312575982264442
1.313710444726232
1.3137388807261137
1.3162658740996236
1.3172153691923514
1.3185557168477273
1.3201474780028528
1.3202795173956505
1.320547385521422
1.3217443598731924
1.323454040120747
1.3235963475272734
1.3258907621069012
1.3264404132227074
1.3283817345694942
1.3284950971839444
1.3293092650058855
1.3294840489142696
1.3296526755255946
1.3300488371633752
1.330416414401511
1.3310785088689348
1.3332747885683727
1.335318738864672
1.3367856552589155
1.3378925880633368
1.3392870849543483
1.3418182599238977
1.343363677103542
1.3438769017842749
1.344357127953669
1.3460857152793628
1.3461550252338295
1.3463934926830303
1.3478568208197224
1.3489997125750264
1.3490276598721749
1.352096966378152
1.353418699086884
1.354199422282442
1.3574149848727335
1.3581927403893372
1.358321602159439
1.359224176903569
1.3593185738905078
1.3596366157197017
1.3609418610576203
1.3617688922564093
1.36219678516496
1.3632414015450907
1.3637372245930535
1.3637895160652356
1.3642035697210595
1.3660549946038942
1.368467560155197
1.3702767687812352
1.3708573089261662
1.3730437189455653
1.3742164212983954
1.3752251309538797
1.3753461890099958
1.3805570051781624
1.3848513125643342
1.385527126284504
1.3871830816790853
1.3893030854368589
1.3897588418109856
1.3941427673951687
1.3942521363268083
1.3965981509442817
1.3969876678512998
1.3984759471156227
1.4056527524846696
1.4068225481897707
1.4099292857504746
1.4142389021776223
1.439059307294052
1.443887591205593
1.444528267550385
1.4546568728356548
1.4560593945390559
1.4586284651632773
1.4683767453144982
1.4776429779381937
1.496299113965025
1.4989815149635672
1.551131452970531
