13 4.7737757563591
11 4.357789844274521
9 3.3949297070503235
2 0.8085156381130219
14 5.029049575328827
8 3.1113109588623047
16 6.364165097475052
13 7.021561145782471
0 0.0
3 1.1571266055107117
2 0.7779329717159271
2 0.7779329717159271
2 0.6086863577365875
3 1.42265784740448
3 1.42265784740448
11 4.434692233800888
6 2.121487408876419
1 0.4642336368560791
7 3.183068871498108
6 2.1548801958560944
0 0.0
6 2.918184518814087
1 0.44389766454696655
4 1.4510768055915833
4 1.4510768055915833
2 1.2945454120635986
3 1.5476471185684204
4 1.8840659856796265
14 6.049634605646133
2 0.6563653647899628
2 0.546165406703949
4 1.3380701839923859
19 9.316990911960602
11 6.305043309926987
14 7.744604080915451
14 6.0103325843811035
15 6.661587864160538
12 5.313430219888687
10 5.773484170436859
8 3.5476541221141815
13 5.9141819179058075
8 4.540465414524078
5 2.9365653693675995
13 4.969091475009918
15 7.507218271493912
8 5.0217128694057465
13 7.529814958572388
2 0.8921349942684174
7 4.161491006612778
5 2.1778134405612946
9 5.007679998874664
6 3.7469861209392548
18 8.683022111654282
16 5.613892495632172
23 10.392217725515366
9 4.106352210044861
12 6.091269254684448
1 0.627587616443634
12 6.7010679841041565
9 4.7868847250938416
8 3.4356440901756287
8 3.830838292837143
17 11.515511095523834
17 8.738765358924866
5 1.4375595450401306
6 2.7163007855415344
12 5.789099872112274
15 9.966937482357025
3 1.3104620277881622
15 6.662165403366089
17 7.1841701567173
12 6.279639631509781
12 5.025891661643982
7 3.4606664776802063
10 6.826967149972916
10 4.698243170976639
16 7.194587558507919
16 9.256686508655548
14 8.216760396957397
12 4.894924581050873
13 7.454319417476654
6 2.10837459564209
9 4.582713425159454
4 1.8194056153297424
4 1.6360579431056976
2 1.1925097703933716
20 9.792227745056152
7 3.2130631804466248
3 0.7724153101444244
7 2.959879994392395
7 3.9102966487407684
4 2.794276475906372
5 2.0560942888259888
15 7.238838374614716
9 3.966908484697342
8 3.6097060441970825
4 2.0761090517044067
2 0.5588731467723846
16 7.107337206602097
6 2.2117788195610046
2 0.5461154282093048
9 6.145581901073456
3 1.5889330208301544
13 7.811603665351868
1 0.5472410917282104
4 2.195342183113098
10 5.743116945028305
9 4.575702041387558
6 2.9563958644866943
10 5.826831251382828
7 4.028066545724869
6 3.4104784429073334
10 6.556611806154251
4 1.93885338306427
5 3.7306803464889526
9 4.152890086174011
11 4.963401734828949
19 7.381138652563095
13 9.036636114120483
11 5.078449845314026
8 4.70473176240921
6 3.6431329548358917
13 8.087488442659378
5 2.303981751203537
5 1.471362441778183
10 4.708968222141266
12 4.3113212287425995
10 4.184920907020569
11 5.63824599981308
5 2.6428219974040985
13 5.826082646846771
7 3.072432726621628
19 8.538482993841171
5 2.5162098109722137
7 4.472010374069214
10 4.5537764728069305
2 0.6059464812278748
15 6.378052830696106
5 2.564206063747406
15 7.530219465494156
13 8.124597877264023
12 4.848473429679871
4 1.3213983178138733
7 2.603168308734894
0 0.0
7 3.6214710474014282
5 2.4283273220062256
4 2.607595682144165
6 4.448483169078827
9 6.267100661993027
10 4.5611448884010315
1 0.8865870237350464
4 1.3395199179649353
6 2.666321784257889
7 4.020900726318359
9 4.635458827018738
6 3.0915100276470184
5 2.6968955397605896
4 2.00874724984169
11 6.937341719865799
8 3.5929513573646545
16 7.171538770198822
13 6.718395322561264
13 6.7593682408332825
16 7.098696529865265
7 3.878443270921707
12 7.047545701265335
19 9.477275907993317
8 4.775944739580154
9 4.031137228012085
13 6.382222682237625
8 3.891449898481369
16 7.1781898736953735
7 2.32721409201622
7 3.505788117647171
13 7.935954064130783
15 7.3968513906002045
11 6.031048208475113
10 6.402870237827301
12 5.567003399133682
6 2.831832766532898
14 6.572362989187241
11 4.921046435832977
4 1.6130890548229218
1 0.2778373956680298
6 2.4614210426807404
7 2.685293585062027
5 2.075897067785263
13 5.963407129049301
17 8.981258034706116
12 6.8827526569366455
13 7.146903336048126
16 7.577560395002365
11 5.32243013381958
1 0.251677930355072
2 0.959394097328186
10 5.354860484600067
12 5.254219979047775
5 2.329360991716385
9 4.9556509256362915
11 4.436724364757538
18 7.888496220111847
3 1.3964456617832184
6 2.889478385448456
6 2.9052318334579468
8 5.533398985862732
8 3.85268297791481
4 2.2990995049476624
12 5.845880746841431
9 5.173240602016449
13 5.623987257480621
13 7.874441385269165
4 2.2339737117290497
13 5.85288405418396
6 2.6426048278808594
7 3.558813661336899
13 6.26135516166687
4 2.221444994211197
1 0.2632179856300354
14 5.256272196769714
17 8.19286972284317
8 4.6116600930690765
13 5.602348655462265
10 4.318235069513321
7 2.8255540132522583
11 5.360213041305542
12 5.309253752231598
11 4.6618218421936035
16 7.425980448722839
5 1.857405960559845
10 5.338365077972412
4 2.7064008116722107
8 4.2435415387153625
15 7.730805486440659
2 0.8067174851894379
5 2.4688160121440887
5 3.110318899154663
4 1.6273446679115295
17 8.381809830665588
7 3.2859601080417633
7 3.190206468105316
4 1.47108992934227
4 1.5331882238388062
4 2.7155622243881226
6 3.4596070647239685
7 3.095245122909546
5 2.5811010897159576
17 9.114441454410553
21 9.08355313539505
9 3.598508894443512
5 2.5353330969810486
10 3.6395759880542755
7 3.4274914860725403
15 6.404149085283279
8 4.034966289997101
18 8.298472881317139
3 1.1823574900627136
4 1.5676711797714233
9 4.545307993888855
12 4.285754233598709
13 6.059623122215271
16 7.999110013246536
13 7.362036794424057
7 3.18048295378685
6 2.882952004671097
12 5.2913878262043
5 2.767908960580826
10 6.530513405799866
7 4.307343900203705
8 3.0445049703121185
7 4.0039606392383575
5 2.6683031022548676
2 1.3568955063819885
5 1.747079998254776
10 5.167338639497757
5 2.278884917497635
5 3.0290929973125458
12 8.205481946468353
4 1.5296193659305573
12 6.085400551557541
6 2.836427479982376
6 2.4909308552742004
8 4.243565529584885
3 0.9192606806755066
9 3.741946667432785
1 0.25024959444999695
9 4.644941508769989
4 1.4878627061843872
4 1.647951453924179
13 7.49039500951767
10 4.667465627193451
20 10.670488774776459
22 11.146536141633987
9 5.013394504785538
9 5.013394504785538
10 4.654171168804169
3 1.142542541027069
9 5.454009383916855
9 3.878365397453308
14 5.776322215795517
0 0.0
4 2.1192488074302673
13 6.428160160779953
19 10.669434577226639
16 10.122023284435272
10 3.8323487639427185
13 6.168796002864838
12 5.341603517532349
9 4.0370782017707825
8 3.060923457145691
12 6.924901455640793
11 5.294130712747574
11 6.620235741138458
5 2.8184586465358734
14 5.9754535257816315
4 1.1725506484508514
11 5.671316176652908
5 2.650807172060013
7 3.6498914659023285
9 4.597363710403442
11 5.163957923650742
1 0.45217546820640564
5 1.969138652086258
8 4.26081508398056
6 2.9754802882671356
11 6.344977885484695
3 1.1147063970565796
13 8.639125883579254
8 4.341897010803223
4 1.3688309788703918
8 2.726905196905136
19 7.638776570558548
15 6.817899107933044
1 0.31575047969818115
6 2.4752264320850372
6 4.0431132316589355
0 0.0
3 1.2393229007720947
5 2.6713069081306458
21 9.357117980718613
4 1.4276386499404907
8 5.608133167028427
12 5.972076594829559
9 5.664835691452026
9 5.098168820142746
8 4.609999120235443
7 3.1842633187770844
2 0.6563400030136108
4 1.6569093465805054
13 7.712543308734894
14 8.124509274959564
6 3.032423436641693
10 5.619566351175308
10 4.238024890422821
13 6.306400686502457
6 4.588411509990692
9 4.387330710887909
10 4.185368627309799
12 7.654250264167786
1 0.2783168852329254
4 1.707370012998581
2 0.6432234048843384
12 6.766073226928711
15 8.09353706240654
7 4.095395714044571
15 7.181536227464676
6 2.40001779794693
15 6.525102436542511
4 1.1592035293579102
1 0.49570977687835693
18 7.458471357822418
8 5.345939368009567
2 0.7302985787391663
8 2.6311956346035004
6 2.180530160665512
17 7.213318020105362
8 3.7236785292625427
16 7.837487310171127
5 3.027572512626648
10 4.845854312181473
5 2.2606294453144073
11 6.163542747497559
11 4.208248555660248
5 2.2020745873451233
16 8.582709163427353
16 6.146547079086304
10 3.85967481136322
11 5.9739775359630585
13 6.906353175640106
12 5.156092584133148
6 4.0049751698970795
9 4.196406126022339
8 3.465966582298279
8 3.6116433143615723
5 1.7989785373210907
15 6.348226934671402
7 3.51645964384079
6 2.1740230321884155
8 4.180701643228531
9 4.187471896409988
10 3.856562316417694
6 3.401643395423889
18 8.722493380308151
13 7.561301946640015
11 4.002512127161026
4 3.211074411869049
3 1.2687197625637054
10 5.771863579750061
8 4.265583008527756
10 4.397365510463715
10 6.119066536426544
7 3.3281044363975525
3 1.2287973761558533
11 5.191459745168686
5 2.1852717101573944
7 2.984134256839752
11 5.695427477359772
14 5.590769290924072
4 1.942819207906723
3 1.6130059957504272
10 5.169436991214752
13 5.215933859348297
13 6.194869220256805
11 5.7179239094257355
18 7.389956682920456
3 1.3355319797992706
15 6.935806930065155
3 1.3662523329257965
7 3.33548966050148
8 4.448322057723999
4 1.6231341660022736
2 0.9813566207885742
1 0.43796488642692566
8 3.493494987487793
10 3.916498363018036
18 8.085398733615875
5 2.44883069396019
17 8.615189790725708
3 0.9839459955692291
21 10.231725335121155
2 0.5795986652374268
1 0.3281572461128235
1 0.2751888036727905
18 8.888226062059402
6 2.0918429791927338
7 5.145997405052185
9 4.287353485822678
5 2.0334586203098297
5 2.9595175087451935
8 3.615786135196686
5 1.6045181453227997
10 5.400211542844772
20 8.356827020645142
3 1.078790158033371
11 6.820311218500137
8 3.475286990404129
1 0.3989604413509369
7 2.5130187571048737
9 3.651131957769394
4 1.81190687417984
5 2.1856003999710083
4 2.1990491151809692
3 0.881151556968689
11 5.317993998527527
8 3.5925920009613037
6 2.3708845376968384
3 1.5509746074676514
4 1.5343522131443024
16 6.813123136758804
1 0.34948721528053284
8 3.3407610654830933
15 6.898720800876617
14 5.923043787479401
2 0.9312947690486908
9 5.08964666724205
9 4.034697085618973
5 2.744631439447403
3 1.6965771615505219
6 3.2613396644592285
10 4.451790481805801
10 5.1230378448963165
9 4.842364311218262
5 1.8579447269439697
15 5.57896625995636
4 1.8086096942424774
9 4.2304967045784
11 5.403950542211533
9 3.763080209493637
4 2.455775946378708
5 1.8957193195819855
15 7.59017089009285
18 9.145668417215347
15 6.268625617027283
7 3.7158915400505066
10 6.038238674402237
9 3.9036804735660553
2 0.5467660427093506
5 3.159521847963333
5 3.159521847963333
2 1.049019992351532
5 2.746923089027405
16 6.574694991111755
5 2.2584025263786316
7 2.6359673142433167
8 4.1330263912677765
6 2.752742826938629
14 5.940924286842346
10 3.8987855911254883
3 1.5507221221923828
9 5.223814904689789
2 0.7047357559204102
4 1.631142795085907
7 4.321334779262543
5 1.9607449173927307
3 1.5602172911167145
5 3.073845475912094
10 5.100743621587753
6 2.185102343559265
9 4.149998694658279
4 1.9636152386665344
2 1.04349485039711
8 3.411582350730896
8 4.035488069057465
3 0.9559731483459473
5 2.6301697492599487
8 2.7970871031284332
7 3.109438955783844
7 3.057260572910309
3 1.1757316589355469
11 4.607842057943344
8 3.387616902589798
5 2.233363687992096
2 0.590565949678421
4 2.026480585336685
7 3.6326783895492554
7 3.781632214784622
8 4.670188456773758
5 1.7424392402172089
2 1.1878949999809265
10 6.530695348978043
7 2.7957451343536377
9 4.627729415893555
11 4.657301813364029
11 4.566833585500717
10 4.71721887588501
7 3.76620814204216
6 3.066518008708954
12 6.085662811994553
11 5.163614898920059
9 3.9648083448410034
4 1.8768008947372437
14 6.612062036991119
3 1.2513681948184967
4 2.7928794026374817
6 2.123098224401474
8 4.981843143701553
10 3.711627870798111
10 4.215254366397858
4 1.5180352628231049
14 7.515254229307175
3 1.1445931494235992
8 3.601792573928833
6 3.688063323497772
4 2.6366320848464966
4 1.1605676710605621
14 6.9485165774822235
5 1.754958987236023
7 2.751452088356018
19 8.97794109582901
10 5.701291620731354
10 4.570194184780121
8 5.285656154155731
10 5.567624866962433
14 8.485130429267883
9 4.269691228866577
6 2.3259566128253937
5 2.9894290268421173
6 2.5309353470802307
5 2.7892597019672394
3 1.9206275939941406
6 3.0456527173519135
4 1.8796270787715912
3 0.9636475443840027
17 7.050853461027145
2 1.2665488421916962
11 5.040446519851685
16 7.755523145198822
4 1.63677778840065
6 2.7884843051433563
18 6.844022989273071
11 6.529036074876785
7 3.2272313833236694
11 5.83124178647995
14 7.217650890350342
5 4.054771959781647
3 1.0403921902179718
15 6.849857449531555
4 1.8648298382759094
3 1.433277279138565
11 5.262667685747147
