0.16457430570016163 0.1868221610345624
0.195817459870121 0.21308354979811722
0.19943151504401957 0.22011959827033484
0.20335176326169463 0.22875233472863982
0.23073318323488695 0.24544863104652764
0.2429942642774024 0.2491700767966975
0.2730570380520029 0.26469424165097744
0.2746768069349705 0.2672945205556374
0.2922431086777 0.27371790885033476
0.29554213114858807 0.2753177067273393
0.29614246965560187 0.27555011938226825
0.30280264675938595 0.27991589158420543
0.30288917573619045 0.2802002370293245
0.3035751575060819 0.28465171943101936
0.3071031111793893 0.2882029332011067
0.3088230847346882 0.28839491766349934
0.3128584440954058 0.29617117916999874
0.320956367183577 0.29792721955556656
0.32241784608861135 0.298165338278365
0.3240541961114038 0.3009104562555913
0.3251818608401263 0.30285878740869643
0.3254614491012039 0.30544260957454433
0.3283194534470186 0.30813305990080997
0.32853735484764357 0.3142125845050098
0.32915204423148015 0.31438843140096484
0.3299060572517311 0.3152499678595294
0.3303119049679688 0.3168505737415822
0.33153750343467453 0.31834298091111146
0.3318505686123937 0.32001734976450685
0.3380882107600129 0.32192335990974985
0.33920292373752786 0.3224146744348859
0.3440531201240845 0.32282496072885597
0.34816990848339024 0.3237864055166235
0.34868081091495984 0.32790008041291496
0.3490740362097705 0.3281665611334761
0.3506052503503228 0.3291714572141551
0.350897470319799 0.3293078171609428
0.35164735611218645 0.330790058035672
0.3540516175178402 0.33744922690032086
0.3554487101465993 0.33907500082010433
0.3582213643741301 0.339290643905678
0.3592458111743772 0.34094631065508885
0.35947717790284006 0.34150536063979886
0.3596045132714062 0.3443945264735674
0.35990940775749947 0.3445313303034477
0.3601180154137995 0.3446181753177656
0.3605260804483432 0.3462314600593447
0.36067488527509295 0.3481197639557557
0.36146476072793976 0.35006230814906103
0.362236533620445 0.35114055587880566
0.3641424723116243 0.3513558681505969
0.36478429038452564 0.3523147678632544
0.3654833556867071 0.3538584060333269
0.36715506884525584 0.3560584400744815
0.36818676304778 0.3577231508364037
0.36976243283742116 0.3579315984683501
0.3708026852123566 0.358923523740469
0.3716462974028927 0.35907639440362804
0.3717803226925359 0.3628321033195254
0.37288505104758546 0.36585967685678444
0.37533292565963144 0.3663364432119219
0.37582732682301817 0.3668594938500235
0.37610790684606515 0.3682141018387226
0.3763536025827679 0.369227066375456
0.3763964402940498 0.3694897915379987
0.3781074817529542 0.3695830941231687
0.3783115915694744 0.3721139508171084
0.37874643574332767 0.37314143090839014
0.3790620820734561 0.37327220470176536
0.3794499203188274 0.37363946536944487
0.37956649271101095 0.37472775580270046
0.3797247357343182 0.3748985463728879
0.3807323945962245 0.3758380818467981
0.3811511681897185 0.37757201257516354
0.3814921012974727 0.3776286479993032
0.38176178908423264 0.3782022487398415
0.38256484309520666 0.37890762957867924
0.3846228935854257 0.3790639029065298
0.3847078793717488 0.37989484397786166
0.3851201586007469 0.3827638710514504
0.3856951057848463 0.3840124825589881
0.38739708520163824 0.3842663550991143
0.38817188878575526 0.3846218343759783
0.38830673580921193 0.384945368724097
0.3896408036211608 0.38563106650167867
0.3905796615112285 0.3869288032531905
0.39059276274134014 0.3886257318909728
0.3913040202673041 0.3887265170498483
0.3913252808994027 0.38875452380146447
0.3931442369285595 0.389740464624226
0.3941211853713063 0.38975350258462277
0.3958115257414109 0.39024515818107686
0.3971765115847151 0.3907386957474721
0.3978419696426613 0.3917350372767935
0.3995583272787079 0.392481637061455
0.3996401859551418 0.39447962712756274
0.399817040049886 0.39808011339263616
0.39984203354999165 0.39820993871583354
0.40083086706889437 0.39920812860749705
0.40108431403301237 0.3997558238579488
0.4014207756775731 0.400330167616228
0.40338169460569584 0.40046092907881975
0.40410838340032285 0.40054851009450215
0.40496167580203996 0.4012096893292386
0.40555194178266374 0.40170000648903637
0.40569690422980353 0.4024933116979905
0.4060757655789461 0.40303458945498577
0.40615474995575485 0.4041814635507454
0.4068887774140388 0.40429194859237116
0.4074204159014377 0.40530557923624994
0.40786781403764455 0.40549534759540906
0.40798888774756764 0.40569995979315426
0.4098941599722268 0.4061655872329824
0.41025764966123013 0.4068909984407317
0.41230869973939926 0.4072458054349169
0.41271590653868634 0.4072804165484331
0.41272841145205136 0.40741707209992384
0.41292949005573915 0.4085002691469752
0.41341985979550133 0.4092016533801569
0.41373817990801315 0.4098920340214357
0.4147221294101816 0.4113338881957138
0.41693181227891996 0.41181459323530917
0.41737107508709237 0.41206423290312344
0.418057260119334 0.4122718761253912
0.4185837265457097 0.4127757781896632
0.41932813395683977 0.41302767296150406
0.4197906942164775 0.4153008200189706
0.4202018133846905 0.4154013737485386
0.42100210099027774 0.415834700185592
0.42167035122692853 0.4200600527637125
0.4227064848182316 0.4205472682476978
0.42376625924416045 0.4206085825820568
0.42407119805451243 0.4210937393892426
0.42532058757042 0.4214078041685878
0.42539364842325117 0.4221404933585218
0.42574412120249205 0.4235788737492284
0.4259110812274192 0.42364779585372686
0.4259446912295021 0.42458601767291043
0.4263426049618893 0.424710809227809
0.4265386180442387 0.4247728327388718
0.42709288912819743 0.4248681314127598
0.4288707361476557 0.42511487064692094
0.4290068210235834 0.42548848539166056
0.42902918533604106 0.4269286551942341
0.4290649931521542 0.4275244089518772
0.43086213318333905 0.4278281881812802
0.43121914346840473 0.42845184382889534
0.4322825200160368 0.4285135358840069
0.4325191710176274 0.42871610957183437
0.4325515214280269 0.42895055047164937
0.4325868935347029 0.4301164853770946
0.43306566666421115 0.4308388296831291
0.43390938137610496 0.43131418799715604
0.43393766780649423 0.43232691737551904
0.43410361485796045 0.43306167516127325
0.43421889327651764 0.43322748468450967
0.4345323890440323 0.4335158387940358
0.4354790826420028 0.4335676777030971
0.43585508988006594 0.4335991001378281
0.43702135756902283 0.43395690734144876
0.43713789202037906 0.4342234286674746
0.4374256710865988 0.4345169087583235
0.43809750346764426 0.43520758900083867
0.43821472583287097 0.4359167609681597
0.4382360181341393 0.43739800691946323
0.43824228953837974 0.43743817186469486
0.4384666588919122 0.43764312667986116
0.4384994809921525 0.438300789561588
0.4413876799408459 0.43856554875257114
0.4415280449948676 0.4392717253277486
0.44214777908732705 0.43934754206980986
0.4425214315838756 0.4401628039721449
0.44293878343872406 0.4404542854839504
0.4430387973036345 0.44067934989721236
0.4434993526766354 0.44136227615739104
0.4441249486564557 0.44142828846058224
0.4441282667915923 0.4428767243033577
0.44463459325128585 0.4430191073733052
0.4446728557392202 0.44382470155467113
0.44520331894857423 0.4438450686079485
0.44528461208620296 0.4444297164814043
0.44601793064782524 0.44530145098709956
0.44609821250868 0.44560110448294127
0.44617324199861297 0.4456962558888217
0.4462887101392552 0.4458666464673928
0.44689823374419696 0.4461199299038557
0.4473664452010244 0.44669435127015195
0.4479477769727748 0.4472203629993571
0.44818907416145237 0.4476853864397955
0.44843076853966346 0.4483496518304206
0.44860744518607243 0.44835680292865665
0.44896760663720947 0.44851401508095673
0.44906828903478113 0.44867482207275083
0.44994156263790713 0.4494507009041199
0.4509032074157914 0.44972134795499263
0.4510197906057809 0.4507526276583087
0.4518291102020207 0.4509255568804167
0.45242088327729935 0.4510540003434215
0.45284781027776205 0.451490555202179
0.45353729095053413 0.4522486203602406
0.4546618526060366 0.45253760270505805
0.455131098858517 0.45277968160697957
0.4551455220673891 0.4530484368868378
0.45529573020309744 0.45318776138776334
0.4556143975718604 0.4537458766916319
0.4558314711509998 0.4561379447786679
0.4563371354658996 0.4563909073834802
0.4566702350264049 0.45720231404917594
0.458396658427041 0.4581384185113511
0.45858644009381144 0.4583134729138389
0.45951859695761477 0.45920332162963273
0.45967146448713897 0.45996433666259223
0.46087776551363857 0.46020663008117974
0.461056588696397 0.4605649867015022
0.46120259294724336 0.46064636237942724
0.46133854231948745 0.46072015080375583
0.46150629411231814 0.46088072769886035
0.4616699741128625 0.4611383802470617
0.46176833072869605 0.46146881771173787
0.4623407375065325 0.4615146713389462
0.4639317063508408 0.4616936596491545
0.46452013787448765 0.46234067945680674
0.46462720403341234 0.46268676862046404
0.46485497197427655 0.4627466321159116
0.4651361072117676 0.46287653770559517
0.46553763492851 0.46325423246749026
0.4657141577801527 0.4633527556837681
0.4667544370588778 0.4634877739765989
0.4673161143635746 0.463672473305596
0.46761113523004405 0.4650417992822625
0.4695707431297425 0.46516349901443693
0.46978776393370025 0.4653716955773498
0.46981328162666325 0.4659394235517897
0.4702875405726397 0.46606857983763705
0.47064827776678125 0.4664545669646147
0.4709913399356057 0.46696633373802443
0.471892549331099 0.4677440702912687
0.4723128491925935 0.46822745801667964
0.47264413047526455 0.4690197248319101
0.47296152230178623 0.4697582561369869
0.4730171186743378 0.4701045436607103
0.474348281750257 0.4726253213548702
0.47446560814737754 0.47267660413497936
0.4744697516374892 0.4729919689452222
0.47447430390019046 0.47358766129261254
0.4754870538415763 0.4750649816751785
0.47556796492616216 0.47539368738905785
0.47567566127022953 0.4754407917246299
0.47571035089284164 0.4754671536879737
0.47571264355184645 0.47561346597965654
0.475764478090168 0.4767744085682969
0.4759309813123365 0.4767915590938275
0.4767976902359557 0.4772592888539272
0.47714822360500775 0.4775746085891119
0.47737442967255433 0.47911864683179883
0.47750035192566725 0.47966901834151143
0.47770193237261194 0.4797532389129689
0.47800990527770393 0.48036593017433377
0.4784413404201123 0.48222646235149536
0.4789325081814502 0.4823356222738183
0.47904701042938236 0.48247647988932946
0.4802090265110493 0.4827167419455599
0.4802428506785092 0.482828274902282
0.48062432136660865 0.4838572438574333
0.480907737562293 0.4839654789817798
0.4811570316134112 0.4844458406749393
0.48131781049101235 0.4845297689820097
0.4815074620581341 0.48527641266549343
0.48186501365579515 0.48559964057733634
0.48233658247235234 0.48626027463113825
0.4825237990029024 0.4864270210819521
0.4826379430814498 0.48649188545631034
0.4831806964608704 0.4872897622296652
0.48327961741439474 0.48774244458633753
0.48340784945704285 0.48843197529716254
0.48344760104012163 0.48846880527876724
0.483680354932969 0.48881489951151313
0.48406232983412495 0.48938342966064347
0.48646524183831813 0.48989337282113504
0.48668221394129296 0.49034926291159214
0.4871458081311051 0.4904679115996977
0.48757699107418695 0.4907045919059784
0.48766464268965004 0.4910989724829697
0.4883353067988666 0.491263713463668
0.4885968763333173 0.49215307276028525
0.48940411461743255 0.4924386536773594
0.48992106993421364 0.49253186339767296
0.4901850057679164 0.4930395292248539
0.49246739344204193 0.4931794434764241
0.4927967394768721 0.49353708157489884
0.49293327477771753 0.4936856845917001
0.49308334431697354 0.49416359075548005
0.4931629932174891 0.49480949839181687
0.4931678788415567 0.4951642302150902
0.49317048034482275 0.4957482658116137
0.49411745588140693 0.49576965892335884
0.49511703208731916 0.4958652629441801
0.49570372548729186 0.495982479919873
0.49582264627522843 0.49614861728501214
0.49585009914611955 0.4965177767952876
0.49605033507955254 0.4973554062641252
0.49664860311300746 0.49795882572305505
0.4967465698441576 0.4979923678025216
0.4978462966197727 0.49854621363989693
0.49850903406266417 0.4989462020170751
0.49861174914557976 0.5003195915070113
0.49921338249673425 0.5005296830625672
0.499668610752271 0.5012079270469193
0.5001052791110611 0.5016531677853406
0.5011380771889742 0.5018280525487455
0.5016504031535951 0.5018493395442734
0.5018028992039842 0.5018932802217191
0.5019872977090966 0.5019664671061163
0.5019899493296404 0.5039000801457174
0.5034082971397867 0.5042403930133017
0.5036396407128478 0.5045272165243511
0.5044194391731803 0.505947009094941
0.5046882472978583 0.5061017027899625
0.5050951424660918 0.5061885930022566
0.5058210496899725 0.5062976276927815
0.5063362224890227 0.5064275878741162
0.5066878025470015 0.5069455390951416
0.5067970718190229 0.5078759195044894
0.5068706315744337 0.507950775935577
0.5087439372193454 0.5080243494781325
0.5087945084728583 0.5086196763616796
0.5094573546309392 0.5089335094228858
0.5095162967050034 0.5097652573517848
0.5097626717210341 0.5102988002196277
0.5106158601455387 0.5107905292582565
0.5121485322145638 0.511169852647751
0.512334405949754 0.5111817227887948
0.5136372494225928 0.512278958872285
0.5151326981374376 0.5123446423333262
0.5153458262483621 0.5123508303912603
0.5154773130206818 0.5125063760005694
0.5155046526094523 0.5135739595118077
0.5156259431999861 0.5135838879251287
0.515809413657531 0.5137739149316969
0.5163221161532765 0.5141865146258653
0.5170290591793278 0.5143917888946754
0.5174426895285588 0.5146920877665617
0.5177894423459659 0.5152542124372168
0.5178730038029029 0.5154781721826872
0.5180185082041765 0.5155199156277139
0.5180491687999842 0.5156681891986962
0.5181423770834578 0.5159483123043865
0.5184833263409366 0.5167035219965843
0.5191809969129487 0.5173787656899971
0.5194555122144008 0.5179126426915449
0.5200297743120179 0.5180896468722463
0.5201308504609263 0.5181613281468167
0.5202738076146756 0.5183112165814637
0.5203229270269865 0.5187086042439834
0.5203990646966964 0.5189383000998469
0.5210897812226322 0.5193857544401262
0.521363332895979 0.5209748367465322
0.5218200138969669 0.5219129661618509
0.5218500531782457 0.5220251406591332
0.5218765945391522 0.523219580507102
0.5227395506102738 0.5233981656197189
0.5230569885857053 0.5234457489405948
0.5248389658790199 0.524668343616267
0.5248405613366963 0.5247250492779826
0.5255200208899553 0.5248844477412475
0.5271997627562628 0.525491540480731
0.527483650496576 0.5272488929279389
0.5278830137233085 0.527601348458093
0.5283277473812343 0.5286601833643285
0.5290181842407309 0.5287198179022906
0.529021956690129 0.529881495691354
0.529292652381342 0.5303779556234308
0.5295036609642376 0.5315565674132873
0.5295907177464811 0.5316307451502336
0.530919337210569 0.5323393170524868
0.5310889748006968 0.5328104225651186
0.5325030155985119 0.5331173603253726
0.53322093393773 0.5332510509933653
0.5334840717483542 0.5332517360044583
0.5335454631342322 0.5342614930414379
0.5337948476666895 0.5353312185490899
0.534348321834644 0.5355392145076618
0.5347837845831198 0.5358832917965458
0.5350607412619803 0.5359963148233853
0.5350966302694866 0.536411117331889
0.5363658664323719 0.5365181493603138
0.5379597531187295 0.5379221754731423
0.5386654050869171 0.5384201532269872
0.5395615928918172 0.5385189697052586
0.5395667470631071 0.5386964164610812
0.5395668694418498 0.5394281064831007
0.5401840481553941 0.5402876301450755
0.5404454216221911 0.5408329958957276
0.5407929492448922 0.5412111706596862
0.5410131405782878 0.5415136030894333
0.5410646751160464 0.542547645775189
0.5421672313816636 0.5427159088617118
0.5424384757173382 0.5429656807674472
0.5426846165662854 0.5434493236694359
0.5430864763944236 0.5444070219801376
0.5431817884036677 0.5446135529321808
0.5437615130633131 0.5446246970110875
0.5445652579033502 0.5448941675979696
0.5456447171225814 0.5455727489074977
0.5456636054228654 0.5456557522974772
0.5463270842246337 0.5457382170314379
0.5466223655501925 0.5458551565598374
0.5466968158410576 0.5460490877104547
0.5469479308320144 0.5462569521641878
0.5471885365512477 0.5465150142741161
0.5481512074280661 0.5475824683423918
0.5487236946594573 0.548475369406395
0.5498526434735705 0.5489031411273997
0.550085742855116 0.5489527450055751
0.5509655263888388 0.5491895304592482
0.5510159716907612 0.5495181446783789
0.5510836400772261 0.5497328351265875
0.5513986374662312 0.5497913398166591
0.5518774171108864 0.5500106062901942
0.5520006841969836 0.5505127361963602
0.5520403035896718 0.5525883841315824
0.5526298756098857 0.552777251301438
0.5527680456656844 0.5528144870118393
0.5530221069651758 0.5528204931939266
0.5537848270808655 0.5536887944178387
0.5541573322206955 0.5536963747333394
0.5544347627079778 0.5543308622519537
0.5549194990139223 0.5551273373210742
0.5549421737877804 0.555131808328995
0.5551809611449972 0.5551500998342948
0.5554961011459109 0.5559932757948228
0.555706682362154 0.5561151906586458
0.5557879872632955 0.556431686671172
0.5562413746384474 0.5566027998708476
0.5564192234552667 0.557420376183838
0.5573851102213063 0.5580437431430288
0.5575384947180816 0.5581284556354797
0.557988410833885 0.5583519569213347
0.5594167183152431 0.5585978072544712
0.5595959693869867 0.5588225576468577
0.5595985367242673 0.5594590837230619
0.5599792150542588 0.5601308175463562
0.5618514743177243 0.5603329056597096
0.5622216636648097 0.5603717452002964
0.5622319371728619 0.5607842404817435
0.5623067695094223 0.5623442595510582
0.5624589455871489 0.5624538789481938
0.5624679208490709 0.5630112017582982
0.5626584843675599 0.5633481872286473
0.5640295162558723 0.5639971544626348
0.5643869830726446 0.5656592161721068
0.5645756106988195 0.5667347414209221
0.5646567729998849 0.5670099676911687
0.5649982432086081 0.5672318502208373
0.5650999487432768 0.5678846771781761
0.5658174015332416 0.5691108849476406
0.5675470904628697 0.5693013286323634
0.5675636492742335 0.5697033933982177
0.5687739410006576 0.5709279266531025
0.5692277117352527 0.5714929893495353
0.5700877220009671 0.571784728241341
0.5724326421613193 0.5721857189422734
0.5737604572691833 0.5731030556587144
0.5744576147122507 0.5733789802498711
0.5750298845323586 0.5733808480990377
0.575288820962299 0.5734190159361912
0.5756946175258437 0.5735409015753333
0.575818927343656 0.573773812019753
0.5762123552301034 0.5739448749830898
0.5781653741598367 0.5767401832147045
0.5788685710302571 0.5794516925237698
0.5791866086000984 0.5796887800974104
0.5804352763100281 0.5814192834227353
0.5810502683307868 0.5822725413440546
0.5812525608928897 0.5828352579943955
0.5814100157266823 0.5842377378944554
0.582302816386576 0.5847228129651194
0.5823695069744932 0.5869284259369189
0.5823946647982472 0.5883026401031866
0.5832639240178494 0.5892425184273196
0.5835268925715126 0.5897725468772426
0.5836064552301925 0.5899289800850175
0.583899694669991 0.5899431746684386
0.584487374050435 0.5905909954547832
0.5846830677757353 0.5910271178409966
0.5850607681519869 0.5913999951230214
0.5862319189296215 0.5917020638697374
0.5869945993133666 0.5934149501385338
0.5877785220502155 0.5935150138456065
0.5888484280608214 0.5935718806274972
0.5899045829153051 0.5937699346804397
0.5900279969944013 0.5955064588442057
0.5905229956650503 0.5961103257704209
0.5909890558379614 0.5972142536706551
0.5918296754902057 0.5985201731073972
0.5919505026615495 0.5985462268650534
0.5923985450475758 0.5991918739271774
0.592457658407887 0.599679118806153
0.5939927196016296 0.6000167580398396
0.5944963794603801 0.6001326817043791
0.5946655887542581 0.6009969822820347
0.595198894846514 0.6012329221133519
0.595206600788251 0.6027497376254422
0.5968775357106637 0.6027917495213171
0.5975728784583589 0.6049256060374428
0.5988025656317268 0.6057931149360671
0.5995253641345675 0.6070746237336297
0.5998794280425817 0.6075987730087004
0.6004068813754906 0.607815721460688
0.600883222178203 0.608491538765464
0.6013605101657938 0.6087192146863655
0.6015072789847169 0.6088922114553478
0.602263459114546 0.6092648946827548
0.6035689688925393 0.6129729011095513
0.604170782873135 0.613163604796073
0.6059224114783163 0.6141700071504079
0.6077837200838648 0.6151327019951274
0.6077993712230952 0.6153306547328116
0.6078185472614454 0.61537125538769
0.6078471299354258 0.6157248984466086
0.6101466084277429 0.6188935372307226
0.6124493902086243 0.6197645814211146
0.6140393387436871 0.6233691432747763
0.6143791219569333 0.6239762930622854
0.6161498250759532 0.6250560199068113
0.6163041567429723 0.6278613043103092
0.6173535475047425 0.6281113872410764
0.617361574727412 0.6310441082670025
0.6173640175740999 0.6315319577679086
0.6182034588490541 0.6350752919124762
0.6206216578228041 0.6351356324434926
0.6212216108640541 0.6358189357202205
0.6212307138667005 0.6373310291313318
0.6233522540839714 0.6383585061446272
0.6239432492520152 0.6411237481408273
0.6250755414833 0.648874694409456
0.6256442219721665 0.6493148511040799
0.6256715716104461 0.6495905969858158
0.6256875784471132 0.6509217438888969
0.6263836159054709 0.6521455992319004
0.6271874203232574 0.6528878269460838
0.6273073042332009 0.6529619930526813
0.6273244709121024 0.6534670957190482
0.6278351641445228 0.6563500431096924
0.6278636345652053 0.6591502244619065
0.6316281314722909 0.6600705693249918
0.6333462545735267 0.6604044433979392
0.6347836594029418 0.6615112228247789
0.6350746756575948 0.6620083246760808
0.636651722230011 0.6621062860821779
0.6382017777286203 0.6634297905253057
0.6418056431149066 0.663553805621002
0.6462020822195428 0.6636320772783253
0.6476098793253038 0.6651024725797876
0.6478230674927049 0.6651438326301679
0.6481256229740309 0.6680179333162967
0.6497728439461372 0.6682616433494686
0.6517692477524517 0.6685027438282659
0.6519968845268608 0.6694629966289523
0.6526779651598064 0.6698865182314095
0.6529044254392198 0.6714150909630241
0.6536065792997346 0.6742132911471366
0.6548813503441148 0.6753312975627201
0.6556448472702763 0.6762974124804588
0.6581080753600163 0.6764052828147422
0.6591533527457045 0.6787939723324253
0.6597961528173013 0.6831078272322959
0.660035631243393 0.6838494314021801
0.6601204231093506 0.6841425991062382
0.6604064480361149 0.6843925098504753
0.6608094173264134 0.6846019070845908
0.661368785538783 0.6850900356501656
0.6618306768919706 0.6858868377588063
0.667737795919943 0.6878338182707224
0.6693167763065964 0.6885966235839445
0.6694141288194758 0.6901400198747545
0.6754112509119121 0.6927722842928858
0.6779309244510613 0.6932369685596307
0.6798072775721318 0.6963867122547123
0.6819477670270453 0.6988490823229161
0.6858675190523176 0.6989559995332559
0.6871655804187351 0.7016416122108049
0.6886519042645081 0.7039158167689649
0.6894301767174186 0.7046412161915396
0.7031220250112876 0.7075393732181762
0.7151428847818484 0.708086861457285
0.7177734166175589 0.7093943155650788
0.7241079400650382 0.7097743597100016
0.7244431693413675 0.7098743642233687
0.7265976030663797 0.710244743895715
0.7275656486360927 0.7107659164124973
0.7318078598550695 0.7132874608383233
0.7453774213444422 0.7137373962617772
0.7483370219492281 0.7153454802103096
0.7492568943153084 0.7205233277581223
0.7580329224108142 0.7512191139095139
0.7885622156611354 0.7525164720779793
0.7897052016951368 0.7607575114344547
0.7982030162157878 0.8004968617280357
0.8111855635270184 0.824438391410417
