16 10.419641435146332
18 11.048597306013107
24 13.174167960882187
3 2.620301842689514
21 11.813090980052948
12 8.483279466629028
21 9.695466846227646
14 10.528754651546478
7 4.95829439163208
4 3.714134633541107
4 2.9220437109470367
7 4.343027263879776
5 4.445166885852814
6 4.248857945203781
3 2.009674698114395
25 13.088794767856598
5 4.110658407211304
5 3.1338314414024353
8 6.455054372549057
17 12.292327851057053
3 2.685422897338867
8 7.043850839138031
6 4.516325414180756
6 4.3573614954948425
5 3.7237135767936707
5 3.513562858104706
5 4.011248797178268
6 4.625129342079163
15 11.741948366165161
6 4.00928658246994
9 5.843532741069794
8 6.26094114780426
24 15.741545528173447
16 10.584621459245682
14 11.177594184875488
16 11.67220214009285
18 10.714238047599792
15 10.177773147821426
18 11.898885160684586
10 7.64526903629303
17 11.250950127840042
12 9.284307569265366
5 4.634433746337891
19 14.048314899206161
22 13.487015277147293
11 8.443107575178146
15 9.531841963529587
4 1.901719093322754
16 9.21773561835289
6 4.581235885620117
15 11.774411648511887
8 6.233312398195267
28 14.946974068880081
19 10.302486270666122
33 17.788914442062378
11 7.257478028535843
18 11.909037679433823
5 3.806437700986862
12 10.214061498641968
18 10.580872237682343
14 10.92246499657631
10 8.468949854373932
18 14.738754391670227
18 14.448245644569397
9 4.360870450735092
13 9.382693141698837
15 12.220164000988007
21 13.914331763982773
15 9.593425214290619
21 13.798243910074234
16 10.57133948802948
11 8.415227174758911
17 9.711430370807648
10 8.464515924453735
10 9.149530589580536
14 9.068256288766861
15 9.123573780059814
16 12.082166075706482
20 12.394993990659714
15 11.291838139295578
17 11.949328541755676
8 6.555459231138229
12 10.064832150936127
4 3.723318338394165
18 8.189078569412231
5 4.6620898842811584
31 19.833006531000137
14 9.023004323244095
7 4.029804468154907
11 8.84678539633751
12 10.23719447851181
7 6.50195449590683
17 13.782402008771896
26 17.551403909921646
12 8.594157874584198
14 9.218575090169907
16 8.843140810728073
7 4.916810631752014
15 10.175368845462799
8 6.646377503871918
4 3.2004405856132507
11 9.76950216293335
4 3.4352309107780457
18 12.713597804307938
3 2.068774461746216
4 3.2461553812026978
13 8.95084485411644
15 11.53613543510437
8 7.130675494670868
12 10.462175250053406
13 9.04858484864235
12 8.423527985811234
13 10.281513541936874
8 6.134730756282806
6 4.783052861690521
14 11.066489100456238
15 12.557033598423004
17 8.535693258047104
15 11.645257383584976
20 13.15938276052475
11 8.651342332363129
9 8.09802234172821
14 11.1505666077137
9 6.486137956380844
5 3.540471524000168
12 9.59437820315361
20 10.017830908298492
13 9.388547629117966
18 12.964875131845474
7 5.497763156890869
29 16.383626252412796
10 8.299957513809204
23 11.140513181686401
5 3.429497718811035
11 7.93006631731987
11 8.216455519199371
3 2.600597321987152
18 9.89589861035347
12 8.308424472808838
15 12.741359174251556
14 11.91805624961853
18 9.768254697322845
20 10.762443751096725
9 6.813585937023163
8 5.153090447187424
8 6.922705233097076
10 8.210757344961166
5 4.491146206855774
8 6.746204912662506
13 9.21144586801529
12 9.197056531906128
3 2.6699966192245483
10 5.286291033029556
9 5.716770678758621
10 7.450406581163406
12 9.889181077480316
6 5.5838401317596436
9 6.215656518936157
10 6.090082228183746
17 11.188436686992645
10 7.0897316634655
18 10.104380339384079
17 12.363802671432495
18 12.429112493991852
27 14.621626496315002
6 5.222850441932678
15 11.182997584342957
22 15.156107038259506
13 9.342240273952484
12 6.394254058599472
20 12.687415570020676
12 7.9945381581783295
20 12.423694014549255
11 4.666708081960678
10 7.36785888671875
23 15.525976538658142
13 7.438403993844986
15 10.544755548238754
15 9.563114285469055
18 9.077184110879898
19 10.857814341783524
18 11.43783551454544
18 12.216858059167862
6 4.37837889790535
8 3.1249432265758514
9 6.590596705675125
15 7.079051733016968
7 4.638543337583542
19 12.416519939899445
19 11.982147991657257
15 10.109160274267197
17 11.39436212182045
21 12.75361117720604
16 10.642184376716614
12 5.547145128250122
5 3.384211838245392
14 10.037573456764221
13 7.416482597589493
5 3.331474155187607
14 8.27889421582222
21 11.134976118803024
20 13.453800976276398
9 5.644863158464432
10 6.4788472056388855
14 7.367683291435242
11 9.10151544213295
10 6.8078345358371735
9 4.621227413415909
20 11.922500163316727
15 9.89433816075325
18 9.864428460597992
17 12.351645231246948
12 8.679326742887497
17 10.096017062664032
9 6.516487389802933
14 9.455072224140167
18 11.685681521892548
6 4.582613110542297
6 2.5038640797138214
21 11.182006567716599
25 14.385163426399231
11 8.047957420349121
19 11.362338483333588
12 7.296899884939194
13 9.068524658679962
20 12.011316984891891
11 7.260758817195892
18 11.372628599405289
13 7.946764320135117
12 5.417947918176651
17 11.264950454235077
13 7.565083265304565
9 6.887811630964279
16 12.722003161907196
10 5.314276278018951
12 8.40449658036232
7 4.960685551166534
10 5.407442986965179
18 12.327457934617996
6 5.227773606777191
13 9.194582432508469
8 4.652666926383972
14 8.334352016448975
4 3.451040208339691
7 6.332750022411346
7 6.2756946086883545
8 5.475791245698929
21 12.719858080148697
28 15.267466306686401
12 5.587056249380112
15 9.723415970802307
24 12.318510740995407
18 12.283775269985199
15 10.170430153608322
14 9.940006524324417
23 10.935446441173553
5 4.500518798828125
6 4.087953478097916
13 9.896327406167984
23 12.272354930639267
15 13.093756318092346
22 16.192362427711487
17 11.654439151287079
16 9.320534259080887
12 7.826867908239365
19 12.081512033939362
8 7.122451305389404
17 10.935311317443848
12 9.890441656112671
23 13.56137603521347
8 6.694230705499649
8 5.1931533217430115
5 4.326519191265106
16 9.35713478922844
13 8.918057888746262
12 8.901801615953445
5 4.534270346164703
15 8.634847521781921
9 4.1883426904678345
14 10.556837528944016
10 6.952347785234451
12 5.506979882717133
18 10.175111383199692
14 6.341230720281601
19 12.947778075933456
3 2.095302641391754
12 10.2876897752285
9 6.6723281145095825
7 4.542889028787613
17 11.518336594104767
15 10.78006598353386
22 16.308803409337997
27 17.029442191123962
8 6.566101133823395
12 7.276829242706299
14 9.559267610311508
6 4.749294877052307
12 7.572088003158569
12 9.41978645324707
27 15.382461279630661
9 5.959816753864288
6 5.274332821369171
20 13.408159375190735
20 13.900020062923431
16 13.995983242988586
12 7.294396668672562
19 12.710659801959991
15 8.056679248809814
15 9.80123844742775
16 10.695346921682358
13 11.28596705198288
12 8.430823564529419
13 9.921462386846542
12 8.802243620157242
17 10.752029240131378
11 8.146106779575348
24 14.752317190170288
13 9.042228311300278
11 9.544564723968506
12 6.408138483762741
10 6.529440492391586
5 4.217395126819611
7 5.452280819416046
8 6.637876331806183
9 7.497800827026367
15 9.98527854681015
3 2.7664358615875244
19 13.717898070812225
9 7.666498899459839
7 5.769169569015503
19 12.289342492818832
32 20.925995767116547
16 8.501686453819275
10 6.376811116933823
19 8.552473664283752
7 6.465054094791412
24 9.839790910482407
9 6.1459857523441315
9 6.180075764656067
32 16.11934694647789
7 5.520176261663437
8 6.8932477831840515
17 10.48440220952034
16 11.304417163133621
14 10.604334831237793
9 7.604905128479004
10 8.189273208379745
4 2.098770946264267
6 5.143958806991577
19 12.804630130529404
15 9.585292130708694
10 7.667431205511093
13 10.079243332147598
20 14.745576530694962
15 9.870670199394226
8 6.494706213474274
14 8.49328550696373
15 10.640028655529022
16 12.332817167043686
12 6.216286391019821
5 4.582154035568237
8 6.607530623674393
12 9.921671092510223
19 14.87512618303299
8 7.13684219121933
18 12.641116380691528
8 5.493259638547897
17 9.39994564652443
11 6.778427690267563
14 8.203294962644577
22 12.514904350042343
8 7.322472035884857
6 4.6668563187122345
16 7.072120487689972
16 8.620743870735168
25 14.193177193403244
15 9.020723909139633
16 12.602676272392273
7 5.517255961894989
19 10.933921486139297
6 5.224334716796875
15 11.895073294639587
15 9.731982409954071
10 6.36458295583725
21 14.72984465956688
15 8.705718010663986
14 9.54244664311409
16 11.463622599840164
27 16.170592188835144
20 14.612416088581085
7 6.2158560156822205
14 8.873928785324097
17 8.120108246803284
26 14.618327885866165
12 7.995380848646164
18 12.279041409492493
9 5.695115447044373
22 10.312175124883652
11 7.866243064403534
13 8.03529143333435
16 8.662993997335434
7 5.49958011507988
18 9.874595671892166
15 11.404594987630844
15 6.904359996318817
6 5.433334767818451
5 3.575584828853607
11 9.41353765130043
10 9.072857916355133
12 6.960958898067474
18 12.333880215883255
14 12.03504103422165
10 5.090901285409927
18 7.361944675445557
9 6.300462692975998
13 9.326981097459793
14 11.237296164035797
20 11.240854322910309
7 6.38519150018692
7 5.2676160633563995
11 7.641577422618866
19 9.042724341154099
20 11.490454763174057
12 9.763661175966263
34 17.93682563304901
5 4.175704658031464
17 14.005127727985382
9 6.548906743526459
7 5.890217900276184
10 8.523415088653564
11 7.046032071113586
12 7.632663875818253
10 6.009720981121063
12 9.185514867305756
16 8.222707718610764
21 13.08523839712143
7 6.023451536893845
19 12.533002018928528
8 5.5144748985767365
30 16.159366965293884
12 6.7375151216983795
4 2.1730025708675385
4 2.9880455136299133
22 14.266595959663391
10 6.413789808750153
10 8.514844477176666
19 11.118632316589355
8 6.731328099966049
4 3.706591546535492
10 7.9343176782131195
12 9.804349601268768
13 10.25605109333992
25 12.364866346120834
5 4.112303078174591
12 9.702997714281082
12 8.84704938530922
11 8.323360532522202
14 8.074706614017487
16 11.24213233590126
10 7.044031918048859
9 5.633148580789566
7 4.854707956314087
9 6.3229368925094604
17 10.386224329471588
11 7.226317077875137
8 5.374741822481155
4 3.106068432331085
8 4.33793181180954
19 10.62475973367691
14 4.722997426986694
14 8.716551810503006
21 10.773059844970703
21 11.216631770133972
12 7.5458623468875885
12 8.659113019704819
21 10.345728874206543
7 4.383470892906189
11 5.830399125814438
9 6.593379855155945
14 9.125497817993164
18 11.068128019571304
16 8.854875236749649
9 5.43354132771492
19 9.435918390750885
4 3.596651256084442
14 9.117412567138672
12 7.837777495384216
17 8.335330694913864
14 7.945177108049393
13 7.34079971909523
17 11.341229051351547
19 11.775063663721085
18 10.653947621583939
13 10.067636787891388
16 10.588136106729507
18 10.231752127408981
10 6.414363652467728
9 7.062561213970184
11 4.495789259672165
6 4.548466801643372
7 5.7675923109054565
16 10.289525598287582
16 13.076484024524689
11 6.957498252391815
11 8.609766513109207
9 5.628294348716736
21 12.882559806108475
21 12.701728910207748
7 4.202655792236328
11 8.750052601099014
9 3.543090581893921
12 6.86755645275116
9 5.87597119808197
18 10.422484636306763
5 3.70739883184433
6 4.596431791782379
13 8.25365948677063
17 9.85227644443512
11 9.022716611623764
13 6.798912525177002
12 7.1107578575611115
10 7.522525578737259
13 8.94852203130722
15 8.626863330602646
9 5.962578356266022
18 11.565568596124649
7 5.694762825965881
11 7.75602862238884
10 6.715821087360382
17 11.009248971939087
17 9.86646831035614
11 5.204460144042969
11 6.518724173307419
5 3.953207790851593
19 11.990743219852448
9 6.615951478481293
14 9.872539430856705
10 5.681351721286774
4 2.720677614212036
13 10.81554126739502
21 12.29400846362114
16 9.512440294027328
16 7.830831080675125
23 12.07465249300003
17 11.78975561261177
10 8.018640041351318
11 7.765165269374847
16 10.289973795413971
14 9.844690710306168
21 12.430068403482437
6 4.521860837936401
17 11.657763093709946
8 5.142744034528732
4 3.6303442120552063
15 8.807127803564072
13 9.225488185882568
24 12.759335726499557
14 9.60511165857315
10 4.563371330499649
20 15.023195594549179
13 9.035390079021454
15 10.197841227054596
10 6.316882789134979
9 5.898588061332703
9 5.316709250211716
17 9.312345534563065
6 5.4807241559028625
14 9.622783154249191
23 12.734485179185867
13 10.164438515901566
25 15.519108772277832
8 7.364607453346252
12 9.741054832935333
20 15.789705038070679
11 9.216139018535614
9 7.199822932481766
9 7.726452589035034
10 6.905342727899551
10 7.250929355621338
7 5.525621682405472
11 8.701180845499039
5 4.657915771007538
5 4.159348368644714
20 12.24370989203453
5 3.144094318151474
19 11.497653305530548
22 14.204734116792679
5 4.556430697441101
7 5.6240003407001495
22 11.46746477484703
12 9.998988211154938
11 7.823149800300598
12 9.8636075258255
22 12.45524787902832
5 4.734452724456787
5 4.580243408679962
19 12.996279031038284
5 4.404958426952362
5 4.309951961040497
24 9.460857957601547
