5.772142260701483
5.801435617843576
5.813079304138239
5.832327417927852
5.855328703617784
5.866513887738579
5.868003315633759
5.873865602007545
5.87658087017537
5.887506902379183
5.889553751929735
5.896042077470931
5.8966678400201715
5.907809391521181
5.908024419951614
5.909103171573259
5.909804406135558
5.9142570270146795
5.914564534017743
5.91502065883444
5.918709597807824
5.919104651475548
5.919943518686604
5.923174679451206
5.923548771867867
5.924569295476253
5.925956249509447
5.9279896249387205
5.929685477021992
5.930853227580548
5.931614421443766
5.932277996749339
5.932860543476002
5.934758699223715
5.935336820480456
5.936152559406995
5.938982246098537
5.939245698883535
5.943318036495599
5.944492397341023
5.94529061953091
5.947377410413688
5.947767807662554
5.948352623805635
5.949082033478443
5.950318416851164
5.953008533537664
5.953407137690868
5.954138810742725
5.95601491676135
5.95605979365568
5.958009737382115
5.958496061235012
5.958551780748116
5.960114444648458
5.962302918743827
5.967392448709899
5.968415514661755
5.968834041043674
5.969348303497581
5.969810564053094
5.969862988804047
5.969928512106106
5.970388451761182
5.971707436168739
5.97219126754318
5.972607923192975
5.973455485094699
5.974035089995557
5.974747093335085
5.97542253317567
5.975716727845903
5.97617222552918
5.980523664252784
5.9813084344734975
5.981372576325282
5.981485639301172
5.9823756467633045
5.983048931929543
5.983562763474415
5.984242422315941
5.984610075041633
5.984668031564972
5.9888629960491855
5.989186782875252
5.990821545619255
5.991281333376012
5.992617861905842
5.993590264019312
5.99496272450046
5.995061670407954
5.995096954392373
5.995837926089007
5.996632957228613
5.99690941283763
5.997410595476692
5.997664146042407
5.99833605060154
5.999909370568767
6.000880454718265
6.001458275063047
6.0018863224294785
6.0020304448638395
6.00237670969314
6.006342382809947
6.0079403166090035
6.008106112117904
6.008137765610675
6.009082543090356
6.00921477629602
6.010386856136315
6.010873998442494
6.013110493255
6.013491434976684
6.0146096822759985
6.015445957693068
6.016291851052501
6.018115022812047
6.019234976058547
6.019634628330937
6.02038690361928
6.020429112172373
6.020831323161296
6.021700749108192
6.022651570519057
6.023252141660714
6.023442955152239
6.023455411364567
6.02484329890973
6.0259419063589075
6.027180329317059
6.027433280917942
6.027768651941908
6.027982268413939
6.028113984896379
6.028453190563278
6.029508381670988
6.030184349958122
6.030278284087757
6.031429974266651
6.031439500251334
6.031772596709555
6.031900413357331
6.032280062358362
6.032605691240826
6.032704518432443
6.032843216714351
6.033784640254489
6.033965645995513
6.034613487783727
6.036926381301438
6.037360679846059
6.037532793582367
6.037676856266154
6.038438758882747
6.038979206151099
6.039399846726592
6.039617892299169
6.040845315933709
6.04117123921022
6.04185351734433
6.0418981496369435
6.0422413375864386
6.042355432361049
6.042422196310271
6.042424174078989
6.042837598992393
6.043040544903565
6.0433973467482005
6.044590261347918
6.044613274410931
6.044888397569945
6.045301368856339
6.046938287539526
6.047385242187352
6.047873021549687
6.048097865689519
6.048283397032023
6.048338882726452
6.049637000898695
6.050005095270287
6.050183080048134
6.050696687316528
6.0543575970477015
6.055238507981904
6.055294623660749
6.055398028095167
6.056055760723946
6.056310309847095
6.056387486541172
6.056418218513207
6.0567298211427385
6.056843604484961
6.056901953179079
6.058020462007002
6.058565687871757
6.058785031026757
6.0590326839413
6.060545083859974
6.060853557398948
6.061065425941885
6.061366709612181
6.061421621079195
6.061427932163278
6.06172992321417
6.061805528809578
6.061832886222236
6.061906695175552
6.062125090025054
6.062369402374997
6.062555657152555
6.064320314829506
6.064327555898547
6.064733169433066
6.065004682518367
6.065641320129003
6.065798239442966
6.067200329845227
6.067822359157444
6.068078974532013
6.068319683995482
6.068365021076908
6.068460192028551
6.068847548741978
6.068883566385154
6.069084904883245
6.069648938342143
6.070082075329934
6.070512195996558
6.0708027628796115
6.071096954363633
6.071203429182781
6.071703810221976
6.072198032654422
6.072213153708409
6.072481124199706
6.0728687290689525
6.072876046080412
6.073887167566595
6.074237549856285
6.074370525379882
6.076381699366413
6.076754434256359
6.077345580860497
6.07749095837456
6.078067952300445
6.078579205999895
6.07859600686325
6.079087640417036
6.080559929756077
6.08077414695397
6.080792261969524
6.080796528423257
6.080917048244604
6.0812179177564465
6.081248365877803
6.081294343301226
6.08243199315511
6.082712617032251
6.084129380403356
6.084245425148265
6.0846392821285
6.08467587958936
6.085998331066264
6.086531204569111
6.088005483107642
6.088202041725536
6.088843635969706
6.08891522361267
6.0896748458317775
6.08974232286951
6.089935546858362
6.090219844371634
6.0909555037758585
6.091751196018069
6.092230428348975
6.092687496478191
6.092798254926637
6.092803446590118
6.09325170302802
6.093789799398305
6.094300153884421
6.094683794331349
6.094939355352459
6.095981248882166
6.096200319067694
6.09636126596761
6.096527689247749
6.096559729231115
6.0967467732789915
6.096816512293636
6.098046622293345
6.098207507115639
6.099101904980824
6.099146950722339
6.099851808230719
6.100022497619824
6.10021828785173
6.1002710762558205
6.100671654137018
6.101023528796657
6.1010570264333985
6.102030062190778
6.102104721233881
6.102290556692402
6.102352933121537
6.102381735065534
6.102582893920688
6.102889863591989
6.10448966894507
6.105986246858679
6.106882386336662
6.106929746759348
6.107655978341618
6.10783879089459
6.107917073936638
6.1086393414524975
6.108725717179106
6.108740607506653
6.108921279047838
6.109555099613203
6.109627182136534
6.109672417033526
6.109768343404185
6.110119047224161
6.110141168723154
6.110209183816656
6.110359356111025
6.110428723533629
6.111315856915892
6.111513019360574
6.111847291415534
6.112249097537147
6.112296436487675
6.112766547003983
6.113324467432946
6.113395288867602
6.113458275563845
6.113698847311617
6.113976485645445
6.114060778058071
6.114130913273276
6.1150283276667
6.1160919495588955
6.116144080764558
6.116636251787962
6.116797884190183
6.119103208201796
6.1192012989254385
6.119565609372862
6.1200069215984065
6.120073162180802
6.120653206823225
6.120778848397031
6.121321950174282
6.121715533212091
6.122026860813217
6.122750786130518
6.123245405602526
6.123548095235559
6.124330358745932
6.1243917419906975
6.124576027824221
6.124681993577148
6.1252899846803
6.1255356007694655
6.127346437942601
6.127346861629214
6.12766060356808
6.12772503872906
6.127792794792868
6.128572208897604
6.129236830773957
6.129727037660216
6.12979535982584
6.1309974763368285
6.13185758962385
6.132414604977181
6.132460997442699
6.1339542822748445
6.134367142288257
6.1354216182435035
6.135422019406869
6.135434811641024
6.135681611970354
6.138467967136351
6.13882213138858
6.13887710048024
6.1400814412999996
6.140223111857039
6.14023946902067
6.141250754072146
6.142012419874012
6.142566679892727
6.142641391922282
6.143082191903188
6.144233843602873
6.145078596633606
6.145089419835683
6.14552230903569
6.146005290539482
6.14634544725501
6.14658848776467
6.146987296311163
6.14704867263565
6.147101025915564
6.147226871170749
6.1474178453489605
6.148055245405001
6.148064437661134
6.148261614598189
6.149593804367026
6.14981975257665
6.150227084589618
6.151401350863336
6.151537070174736
6.151698096336671
6.152178127177499
6.152386762542372
6.152833196628534
6.15292297501239
6.153079464853092
6.153123050334096
6.153354695903344
6.155228299127924
6.155238345177299
6.155383901003134
6.15567914704958
6.155811987788004
6.156147532771283
6.15643885077484
6.157283863699817
6.1574308245055285
6.157610841935574
6.157741977814491
6.158208906903496
6.158586094447181
6.1588471419210755
6.160956334074211
6.161401201946297
6.161627828155609
6.162021502643018
6.162102402141747
6.162867738048283
6.162930832598696
6.162947954572524
6.163800855423139
6.16424926486058
6.164551692309541
6.164552558364989
6.165427691867807
6.165562965923801
6.165744449850172
6.1659416156555915
6.166088682841925
6.166282541156951
6.167242668225562
6.168531454712536
6.1694888641094785
6.169646511682969
6.1703683204813595
6.1707416520905
6.17134751031554
6.171724417269155
6.172243917374248
6.17361007664791
6.1739480905946165
6.1752729372039195
6.176374856060648
6.176548667351388
6.176760476559095
6.177162207080897
6.1784330835000745
6.17852954074372
6.1800735989710125
6.180082846031988
6.1810755817775815
6.18162946458828
6.181679398902223
6.182311642849477
6.182791862678984
6.183391997124446
6.184282404689103
6.184625401502725
6.185099430680089
6.186143692420368
6.186273898464146
6.186739448325953
6.1868740213242015
6.187350003527935
6.187614675323466
6.187813688204006
6.19037651480643
6.191266607710352
6.191519514261467
6.191904257420088
6.193283358200605
6.1939514544621135
6.194966169409391
6.195102207579144
6.1955468848348225
6.196239752659018
6.196257570576655
6.196787572276375
6.197632094056757
6.197735592807403
6.198722671142146
6.199495453935724
6.201231783779465
6.201338555391885
6.20138087209025
6.20206283334653
6.2029103167346635
6.202977052944914
6.203901447192151
6.2039528132547686
6.204148778294756
6.204465748829457
6.204583510107365
6.207396444163315
6.207536503492598
6.2086813186841905
6.208919563591741
6.209728375594174
6.210089031156722
6.210688615794823
6.212249820290886
6.212299874446671
6.212783911250845
6.213439867544977
6.213544580179736
6.213721582502684
6.216153579700658
6.216207522238233
6.216861980654645
6.216966486312348
6.217605547223822
6.218064237746426
6.219422932868348
6.2195658703783385
6.220452505388704
6.221661040144274
6.223318762256617
6.223322613930149
6.223561089391579
6.22418228897753
6.227169931950386
6.227586111991062
6.227896919008261
6.2289042756049735
6.22940114560435
6.229976166862926
6.230322280219259
6.23276705686036
6.235288330503164
6.235350961995754
6.237623890804764
6.239258980568207
6.239325148695137
6.239404670336105
6.24482609189163
6.245574939298179
6.24565123989462
6.247992203583693
6.250801465977464
6.252277548436387
6.2540117721508715
6.257395131865478
6.258369958064721
6.259335497335335
6.259981719592051
6.260541463102397
6.261603787302816
6.262276261975713
6.265372209361797
6.266106249528201
6.266484653793202
6.270332739690773
6.271661511969798
6.27288509397706
6.274699802586076
6.274944521909196
6.276565146793104
6.280010021741757
6.283626324565733
6.291258293219432
6.294583962907449
6.297534722732459
6.299998848180329
6.301771816485505
6.306083899870568
6.310550959360388
6.3191531816978
6.3272762974188215
6.3310227361410405
6.333125378525478
6.338715921986363
6.3521823985629
6.399189589860985
6.401194585748841
