0 16 10.419641435146332 6.037360679846059 0.24267854107919395 0.09707141643167759 0.048535708215838795
1 18 11.048597306013107 5.969862988804047 0.2027210628740622 0.08108842514962487 0.04054421257481244
2 24 13.174167960882187 6.176760476559095 0.251384359910282 0.1005537439641128 0.0502768719820564
3 3 2.620301842689514 6.021700749108192 0.22336395167857348 0.08934558067142939 0.044672790335714696
4 21 11.813090980052948 6.2086813186841905 0.21061875990612525 0.08424750396245011 0.042123751981225054
5 12 8.483279466629028 6.0896748458317775 0.22201630516574083 0.08880652206629634 0.04440326103314817
6 21 9.695466846227646 6.146005290539482 0.24598442992363526 0.0983937719694541 0.04919688598472705
7 14 10.528754651546478 6.062369402374997 0.20033503291683935 0.08013401316673574 0.04006700658336787
8 7 4.95829439163208 6.306083899870568 0.2370694527885545 0.0948277811154218 0.0474138905577109
9 4 3.714134633541107 6.129727037660216 0.2888739946261439 0.11554959785045754 0.05777479892522877
10 4 2.9220437109470367 6.158208906903496 0.2804066168897288 0.11216264675589152 0.05608132337794576
11 7 4.343027263879776 6.209728375594174 0.22651598834368325 0.0906063953374733 0.04530319766873665
12 5 4.445166885852814 6.010873998442494 0.17492001444233926 0.06996800577693571 0.034984002888467855
13 6 4.248857945203781 6.1309974763368285 0.1872360900262768 0.07489443601051073 0.03744721800525536
14 3 2.009674698114395 6.084245425148265 0.2584767617304253 0.10339070469217011 0.051695352346085056
15 25 13.088794767856598 6.114060778058071 0.2088509691480424 0.08354038765921697 0.04177019382960848
16 5 4.110658407211304 6.18162946458828 0.28325485655213406 0.11330194262085364 0.05665097131042682
17 5 3.1338314414024353 6.16424926486058 0.26053628162347714 0.10421451264939084 0.05210725632469542
18 8 6.455054372549057 6.122026860813217 0.16089512466393047 0.0643580498655722 0.0321790249327861
19 17 12.292327851057053 5.939245698883535 0.27825448061722574 0.1113017922468903 0.05565089612344515
20 3 2.685422897338867 6.164552558364989 0.27982697447233623 0.11193078978893449 0.055965394894467245
21 8 7.043850839138031 6.266106249528201 0.17865357758318434 0.07146143103327374 0.03573071551663687
22 6 4.516325414180756 6.069084904883245 0.13978773008664655 0.05591509203465862 0.02795754601732931
23 6 4.3573614954948425 6.032280062358362 0.2133507212570865 0.08534028850283461 0.042670144251417304
24 5 3.7237135767936707 5.958009737382115 0.2167353106669575 0.086694124266783 0.0433470621333915
25 5 3.513562858104706 6.091751196018069 0.22302117017907985 0.08920846807163194 0.04460423403581597
26 5 4.011248797178268 6.162930832598696 0.16076093866961655 0.06430437546784662 0.03215218773392331
27 6 4.625129342079163 6.107655978341618 0.2632941110486266 0.10531764441945064 0.05265882220972532
28 15 11.741948366165161 6.219422932868348 0.2060783687596541 0.08243134750386164 0.04121567375193082
29 6 4.00928658246994 5.975716727845903 0.216202163652816 0.0864808654611264 0.0432404327305632
30 9 5.843532741069794 6.182311642849477 0.20864979377825535 0.08345991751130213 0.04172995875565107
31 8 6.26094114780426 5.981372576325282 0.20415718536309843 0.08166287414523937 0.040831437072619686
32 24 15.741545528173447 6.039617892299169 0.2559778562701479 0.10239114250805917 0.051195571254029584
33 16 10.584621459245682 6.227586111991062 0.13107046653142684 0.05242818661257073 0.026214093306285366
34 14 11.177594184875488 6.149593804367026 0.2647664773950371 0.10590659095801484 0.05295329547900742
35 16 11.67220214009285 6.1703683204813595 0.2506073414240488 0.10024293656961951 0.050121468284809755
36 18 10.714238047599792 6.064320314829506 0.24251002333134422 0.0970040093325377 0.04850200466626885
37 15 10.177773147821426 6.1868740213242015 0.24210514107556827 0.09684205643022731 0.048421028215113654
38 18 11.898885160684586 6.120073162180802 0.21586317812890463 0.08634527125156184 0.04317263562578092
39 10 7.64526903629303 6.080796528423257 0.2552577449509011 0.10210309798036042 0.05105154899018021
40 17 11.250950127840042 6.090219844371634 0.20469067579475897 0.0818762703179036 0.0409381351589518
41 12 9.284307569265366 6.1252899846803 0.1982075023296813 0.07928300093187252 0.03964150046593626
42 5 4.634433746337891 6.07749095837456 0.21714527752045173 0.0868581110081807 0.04342905550409035
43 19 14.048314899206161 6.102352933121537 0.2992789303808156 0.11971157215232624 0.05985578607616312
44 22 13.487015277147293 6.109768343404185 0.2235909391095729 0.08943637564382917 0.044718187821914585
45 11 8.443107575178146 6.10448966894507 0.2721179356059375 0.10884717424237499 0.05442358712118749
46 15 9.531841963529587 6.229976166862926 0.26061518789972626 0.1042460751598905 0.05212303757994525
47 4 1.901719093322754 6.092803446590118 0.22572841506905492 0.09029136602762196 0.04514568301381098
48 16 9.21773561835289 6.158586094447181 0.21852031517201298 0.0874081260688052 0.0437040630344026
49 6 4.581235885620117 6.193283358200605 0.20990624868431956 0.08396249947372783 0.041981249736863915
50 15 11.774411648511887 5.925956249509447 0.18259831145384584 0.07303932458153833 0.03651966229076917
51 8 6.233312398195267 6.1160919495588955 0.3160839856883664 0.12643359427534653 0.06321679713767327
52 28 14.946974068880081 6.239404670336105 0.20407828860502256 0.08163131544200902 0.04081565772100451
53 19 10.302486270666122 6.062125090025054 0.215376771653483 0.08615070866139321 0.043075354330696605
54 33 17.788914442062378 6.071703810221976 0.19045538964330633 0.07618215585732253 0.03809107792866127
55 11 7.257478028535843 6.181679398902223 0.2402194518181872 0.09608778072727488 0.04804389036363744
56 18 11.909037679433823 5.943318036495599 0.22570017627207278 0.09028007050882911 0.045140035254414554
57 5 3.806437700986862 5.968415514661755 0.20614907941594363 0.08245963176637744 0.04122981588318872
58 12 10.214061498641968 6.260541463102397 0.19525644062274208 0.07810257624909683 0.03905128812454842
59 18 10.580872237682343 6.187813688204006 0.16228201605243606 0.06491280642097443 0.03245640321048721
60 14 10.92246499657631 6.058785031026757 0.22449752764454722 0.08979901105781889 0.04489950552890944
61 10 8.468949854373932 5.924569295476253 0.2087705836104846 0.08350823344419384 0.04175411672209692
62 18 14.738754391670227 6.078579205999895 0.27096765140894835 0.10838706056357936 0.05419353028178968
63 18 14.448245644569397 6.081294343301226 0.2286336387478781 0.09145345549915124 0.04572672774957562
64 9 4.360870450735092 6.24482609189163 0.26962779261949266 0.10785111704779707 0.053925558523898534
65 13 9.382693141698837 6.102030062190778 0.18098294302251416 0.07239317720900566 0.03619658860450283
66 15 12.220164000988007 6.1354216182435035 0.23496138104402065 0.09398455241760825 0.046992276208804126
67 21 13.914331763982773 6.399189589860985 0.17643751849453865 0.07057500739781547 0.035287503698907735
68 15 9.593425214290619 6.034613487783727 0.2314893597058943 0.09259574388235772 0.04629787194117886
69 21 13.798243910074234 5.997410595476692 0.25582518345910354 0.1023300733836414 0.0511650366918207
70 16 10.57133948802948 6.0020304448638395 0.2054711923740111 0.08218847694960445 0.041094238474802224
71 11 8.415227174758911 6.148261614598189 0.19718664888733115 0.07887465955493246 0.03943732977746623
72 17 9.711430370807648 6.13882213138858 0.24081328041493866 0.09632531216597547 0.04816265608298773
73 10 8.464515924453735 6.092798254926637 0.20498192081699557 0.08199276832679823 0.04099638416339912
74 10 9.149530589580536 5.914564534017743 0.2532256448975569 0.10129025795902274 0.05064512897951137
75 14 9.068256288766861 5.984242422315941 0.19238034300259896 0.07695213720103959 0.038476068600519796
76 15 9.123573780059814 6.038979206151099 0.23088203624497095 0.09235281449798838 0.04617640724899419
77 16 12.082166075706482 6.237623890804764 0.20109932394325003 0.08043972957730001 0.04021986478865001
78 20 12.394993990659714 6.176548667351388 0.18336563853474855 0.07334625541389943 0.036673127706949714
79 15 11.291838139295578 6.102104721233881 0.19151797199823015 0.07660718879929206 0.03830359439964603
80 17 11.949328541755676 6.037532793582367 0.27357831488771744 0.10943132595508698 0.05471566297754349
81 8 6.555459231138229 6.187614675323466 0.11828654995882568 0.047314619983530266 0.023657309991765133
82 12 10.064832150936127 6.109627182136534 0.20231696106526098 0.08092678442610439 0.040463392213052195
83 4 3.723318338394165 6.198722671142146 0.2678243805363138 0.1071297522145255 0.05356487610726275
84 18 8.189078569412231 6.160956334074211 0.2352275435408209 0.09409101741632836 0.04704550870816418
85 5 4.6620898842811584 6.070512195996558 0.06274536884856349 0.025098147539425398 0.012549073769712699
86 31 19.833006531000137 6.102889863591989 0.21167195841520242 0.08466878336608097 0.042334391683040484
87 14 9.023004323244095 6.153123050334096 0.22828873092785598 0.09131549237114239 0.045657746185571196
88 7 4.029804468154907 6.119103208201796 0.2239169074863914 0.08956676299455656 0.04478338149727828
89 11 8.84678539633751 5.947377410413688 0.18357843675935814 0.07343137470374327 0.03671568735187163
90 12 10.23719447851181 6.166282541156951 0.2687577705147367 0.10750310820589468 0.05375155410294734
91 7 6.50195449590683 6.031439500251334 0.2550564359438543 0.10202257437754171 0.051011287188770855
92 17 13.782402008771896 6.0422413375864386 0.27353826198838205 0.10941530479535282 0.05470765239767641
93 26 17.551403909921646 5.995837926089007 0.22199831871919082 0.08879932748767633 0.044399663743838164
94 12 8.594157874584198 6.0909555037758585 0.2437207080276408 0.0974882832110563 0.04874414160552815
95 14 9.218575090169907 6.204148778294756 0.25438534699368737 0.10175413879747496 0.05087706939873748
96 16 8.843140810728073 6.071203429182781 0.23540802281170561 0.09416320912468225 0.047081604562341124
97 7 4.916810631752014 6.079087640417036 0.24584523810612877 0.0983380952424515 0.04916904762122575
98 15 10.175368845462799 6.08243199315511 0.2847321514219614 0.11389286056878457 0.05694643028439229
99 8 6.646377503871918 5.953407137690868 0.19538229229374485 0.07815291691749794 0.03907645845874897
100 4 3.2004405856132507 6.101023528796657 0.2424075739612467 0.09696302958449869 0.048481514792249346
101 11 9.76950216293335 6.09325170302802 0.22902969772997256 0.09161187909198902 0.04580593954599451
102 4 3.4352309107780457 6.036926381301438 0.2619894441663716 0.10479577766654864 0.05239788883327432
103 18 12.713597804307938 6.169646511682969 0.22480344324912446 0.08992137729964979 0.044960688649824894
104 3 2.068774461746216 6.128572208897604 0.21724534936013148 0.08689813974405258 0.04344906987202629
105 4 3.2461553812026978 6.20206283334653 0.17530885290702922 0.07012354116281169 0.035061770581405846
106 13 8.95084485411644 6.050183080048134 0.185602265606034 0.0742409062424136 0.0371204531212068
107 15 11.53613543510437 6.023455411364567 0.15795437106800614 0.06318174842720245 0.031590874213601225
108 8 7.130675494670868 5.9888629960491855 0.21758283234793913 0.08703313293917565 0.04351656646958783
109 12 10.462175250053406 6.142566679892727 0.2422541600089034 0.09690166400356136 0.04845083200178068
110 13 9.04858484864235 6.162021502643018 0.23226804208522625 0.0929072168340905 0.04645360841704525
111 12 8.423527985811234 5.868003315633759 0.20228703930891823 0.08091481572356729 0.040457407861783645
112 13 10.281513541936874 5.930853227580548 0.18135554441513674 0.0725422177660547 0.03627110888302735
113 8 6.134730756282806 5.935336820480456 0.10632350556684393 0.04252940222673757 0.021264701113368784
114 6 4.783052861690521 6.17852954074372 0.18542361999937598 0.07416944799975039 0.037084723999875197
115 14 11.066489100456238 6.099851808230719 0.21343537117230893 0.08537414846892356 0.04268707423446178
116 15 12.557033598423004 6.230322280219259 0.20493956779595218 0.08197582711838088 0.04098791355919044
117 17 8.535693258047104 6.252277548436387 0.19548102227601985 0.07819240891040795 0.039096204455203974
118 15 11.645257383584976 6.147226871170749 0.1787683094684744 0.07150732378738978 0.03575366189369489
119 20 13.15938276052475 6.121715533212091 0.29269393184035875 0.11707757273614351 0.058538786368071756
120 11 8.651342332363129 6.212249820290886 0.22613745198232285 0.09045498079292914 0.04522749039646457
121 9 8.09802234172821 6.274699802586076 0.2346554559460119 0.09386218237840475 0.04693109118920238
122 14 11.1505666077137 6.274944521909196 0.16302510088027128 0.06521004035210852 0.03260502017605426
123 9 6.486137956380844 6.144233843602873 0.14876503550075842 0.05950601420030337 0.029753007100151684
124 5 3.540471524000168 5.969348303497581 0.16779436016644453 0.06711774406657782 0.03355887203328891
125 12 9.59437820315361 6.0418981496369435 0.19706992662783138 0.07882797065113255 0.039413985325566274
126 20 10.017830908298492 6.1339542822748445 0.1940234283238653 0.07760937132954611 0.038804685664773055
127 13 9.388547629117966 5.971707436168739 0.21736618387606038 0.08694647355042415 0.043473236775212074
128 18 12.964875131845474 6.150227084589618 0.23683581863505193 0.09473432745402077 0.047367163727010386
129 7 5.497763156890869 5.99496272450046 0.2636726697656654 0.10546906790626616 0.05273453395313308
130 29 16.383626252412796 6.032605691240826 0.35712943229552857 0.14285177291821144 0.07142588645910572
131 10 8.299957513809204 6.14552230903569 0.1340723979653836 0.05362895918615343 0.026814479593076715
132 23 11.140513181686401 5.9813084344734975 0.2614688612612766 0.10458754450451065 0.05229377225225532
133 5 3.429497718811035 6.161627828155609 0.15569674249921434 0.06227869699968574 0.03113934849984287
134 11 7.93006631731987 6.116797884190183 0.1601536297505538 0.06406145190022151 0.03203072595011076
135 11 8.216455519199371 6.085998331066264 0.25802857781790106 0.10321143112716043 0.051605715563580214
136 3 2.600597321987152 6.112249097537147 0.20347898003261713 0.08139159201304685 0.04069579600652343
137 18 9.89589861035347 6.185099430680089 0.22383752575862478 0.08953501030344992 0.04476750515172496
138 12 8.308424472808838 5.967392448709899 0.20505178644399474 0.0820207145775979 0.04101035728879895
139 15 12.741359174251556 6.27288509397706 0.23219407886809362 0.09287763154723745 0.046438815773618726
140 14 11.91805624961853 6.165744449850172 0.16172990490294895 0.06469196196117959 0.03234598098058979
141 18 9.768254697322845 6.13185758962385 0.2278621402489176 0.09114485609956705 0.04557242804978352
142 20 10.762443751096725 6.14981975257665 0.14385509894135198 0.0575420395765408 0.0287710197882704
143 9 6.813585937023163 5.950318416851164 0.263355303001583 0.1053421212006332 0.0526710606003166
144 8 5.153090447187424 6.0967467732789915 0.1652917688472367 0.06611670753889468 0.03305835376944734
145 8 6.922705233097076 6.022651570519057 0.20737486196115465 0.08294994478446187 0.041474972392230934
146 10 8.210757344961166 6.135422019406869 0.29776294786131174 0.1191051791445247 0.05955258957226235
147 5 4.491146206855774 6.061906695175552 0.2389192368105093 0.09556769472420372 0.04778384736210186
148 8 6.746204912662506 6.239258980568207 0.1871345733022738 0.07485382932090952 0.03742691466045476
149 13 9.21144586801529 6.14704867263565 0.2500270822959674 0.10001083291838694 0.05000541645919347
150 12 9.197056531906128 6.2039528132547686 0.279656547887112 0.11186261915484479 0.05593130957742239
151 3 2.6699966192245483 6.048283397032023 0.2639165928432442 0.10556663713729769 0.052783318568648846
152 10 5.286291033029556 6.094683794331349 0.23600085032699727 0.09440034013079891 0.047200170065399456
153 9 5.716770678758621 6.171724417269155 0.3036129208428696 0.12144516833714786 0.06072258416857393
154 10 7.450406581163406 6.194966169409391 0.22161076665975996 0.08864430666390398 0.04432215333195199
155 12 9.889181077480316 6.027768651941908 0.22023306639632048 0.08809322655852819 0.044046613279264096
156 6 5.5838401317596436 6.271661511969798 0.22705033494121526 0.0908201339764861 0.04541006698824305
157 9 6.215656518936157 6.216153579700658 0.16898983605920043 0.06759593442368017 0.033797967211840085
158 10 6.090082228183746 6.22418228897753 0.21296520388531304 0.08518608155412521 0.04259304077706261
159 17 11.188436686992645 6.143082191903188 0.21092486935515176 0.0843699477420607 0.04218497387103035
160 10 7.0897316634655 6.124681993577148 0.13316805769701154 0.05326722307880461 0.026633611539402306
161 18 10.104380339384079 5.953008533537664 0.22295388329771565 0.08918155331908627 0.044590776659543134
162 17 12.363802671432495 6.153079464853092 0.2656158059309405 0.10624632237237619 0.053123161186188095
163 18 12.429112493991852 6.016291851052501 0.22818965151327705 0.09127586060531082 0.04563793030265541
164 27 14.621626496315002 6.098046622293345 0.16999230871060592 0.06799692348424237 0.033998461742121185
165 6 5.222850441932678 5.973455485094699 0.20917366524017914 0.08366946609607166 0.04183473304803583
166 15 11.182997584342957 5.974747093335085 0.2115225456222903 0.08460901824891612 0.04230450912445806
167 22 15.156107038259506 6.030278284087757 0.18242755740119027 0.0729710229604761 0.03648551148023805
168 13 9.342240273952484 6.168531454712536 0.14188638985997293 0.05675455594398918 0.02837727797199459
169 12 6.394254058599472 6.100022497619824 0.24060325903410576 0.0962413036136423 0.04812065180682115
170 20 12.687415570020676 6.1086393414524975 0.16552615742550966 0.06621046297020387 0.03310523148510194
171 12 7.9945381581783295 6.223322613930149 0.2607377244368262 0.10429508977473047 0.052147544887365234
172 20 12.423694014549255 5.95605979365568 0.20015019945362408 0.08006007978144963 0.04003003989072482
173 11 4.666708081960678 5.889553751929735 0.19683766574997857 0.07873506629999143 0.03936753314999571
174 10 7.36785888671875 6.055398028095167 0.22833501445116466 0.09133400578046587 0.045667002890232934
175 23 15.525976538658142 6.067822359157444 0.11914259903800113 0.04765703961520045 0.023828519807600226
176 13 7.438403993844986 6.056901953179079 0.1908651999730587 0.07634607998922348 0.03817303999461174
177 15 10.544755548238754 6.068883566385154 0.22566442692971928 0.09026577077188772 0.04513288538594386
178 15 9.563114285469055 6.077345580860497 0.2239031759050507 0.08956127036202029 0.044780635181010144
179 18 9.077184110879898 6.110428723533629 0.1867476091996035 0.0746990436798414 0.0373495218399207
180 19 10.857814341783524 6.102582893920688 0.2305924201400797 0.09223696805603188 0.04611848402801594
181 18 11.43783551454544 6.006342382809947 0.22437734168372597 0.08975093667349039 0.044875468336745196
182 18 12.216858059167862 6.0567298211427385 0.24125821126583857 0.09650328450633543 0.04825164225316771
183 6 4.37837889790535 5.9142570270146795 0.17277381945592318 0.06910952778236927 0.034554763891184635
184 8 3.1249432265758514 6.145078596633606 0.168328499014537 0.0673313996058148 0.0336656998029074
185 9 6.590596705675125 6.120653206823225 0.14036794084022738 0.056147176336090954 0.028073588168045477
186 15 7.079051733016968 6.073887167566595 0.25747621961776496 0.10299048784710597 0.05149524392355299
187 7 4.638543337583542 6.401194585748841 0.14985947410558736 0.05994378964223495 0.029971894821117475
188 19 12.416519939899445 6.141250754072146 0.16056187467610047 0.06422474987044019 0.032112374935220095
189 19 11.982147991657257 5.97542253317567 0.15956215857872721 0.06382486343149088 0.03191243171574544
190 15 10.109160274267197 5.873865602007545 0.21022651794406985 0.08409060717762794 0.04204530358881397
191 17 11.39436212182045 6.132460997442699 0.14755971198073747 0.059023884792294985 0.029511942396147493
192 21 12.75361117720604 6.186143692420368 0.29060125597552333 0.11624050239020932 0.05812025119510466
193 16 10.642184376716614 6.018115022812047 0.2257823833794197 0.09031295335176788 0.04515647667588394
194 12 5.547145128250122 6.208919563591741 0.2385120079191806 0.09540480316767223 0.04770240158383612
195 5 3.384211838245392 6.177162207080897 0.3043655012286094 0.12174620049144376 0.06087310024572188
196 14 10.037573456764221 6.089935546858362 0.17621356677657662 0.07048542671063064 0.03524271335531532
197 13 7.416482597589493 6.15567914704958 0.23357553000190373 0.0934302120007615 0.04671510600038075
198 5 3.331474155187607 6.1739480905946165 0.17936001013415706 0.07174400405366282 0.03587200202683141
199 14 8.27889421582222 6.294583962907449 0.15452552916274045 0.06181021166509618 0.03090510583254809
200 21 11.134976118803024 6.10783879089459 0.2184793287293598 0.08739173149174392 0.04369586574587196
201 20 13.453800976276398 6.038438758882747 0.2565112526364861 0.10260450105459444 0.05130225052729722
202 9 5.644863158464432 6.183391997124446 0.2142707408291382 0.08570829633165528 0.04285414816582764
203 10 6.4788472056388855 6.196257570576655 0.1827260953744099 0.07309043814976396 0.03654521907488198
204 14 7.367683291435242 6.147101025915564 0.18493464907376678 0.07397385962950671 0.03698692981475336
205 11 9.10151544213295 6.048097865689519 0.1966620737136964 0.07866482948547857 0.03933241474273928
206 10 6.8078345358371735 5.969810564053094 0.16699198759428616 0.06679679503771446 0.03339839751885723
207 9 4.621227413415909 5.91502065883444 0.17955149197864786 0.07182059679145915 0.035910298395729574
208 20 11.922500163316727 6.203901447192151 0.24057253853831315 0.09622901541532526 0.04811450770766263
209 15 9.89433816075325 6.148055245405001 0.1203174974115802 0.04812699896463208 0.02406349948231604
210 18 9.864428460597992 6.146987296311163 0.15231813749738835 0.060927254998955335 0.030463627499477668
211 17 12.351645231246948 6.135434811641024 0.24623819273790348 0.0984952770951614 0.0492476385475807
212 12 8.679326742887497 6.112766547003983 0.18990303017445218 0.07596121206978088 0.03798060603489044
213 17 10.096017062664032 6.099101904980824 0.23463704257813264 0.09385481703125305 0.046927408515626524
214 9 6.516487389802933 6.056387486541172 0.18211371030993265 0.07284548412397307 0.036422742061986535
215 14 9.455072224140167 6.068365021076908 0.20677356420865806 0.08270942568346322 0.04135471284173161
216 18 11.685681521892548 6.070082075329934 0.19200255097803448 0.0768010203912138 0.0384005101956069
217 6 4.582613110542297 5.968834041043674 0.2047381563810743 0.08189526255242972 0.04094763127621486
218 6 2.5038640797138214 6.111513019360574 0.18188790915206993 0.07275516366082797 0.03637758183041399
219 21 11.182006567716599 6.109672417033526 0.1768020167028197 0.07072080668112789 0.035360403340563944
220 25 14.385163426399231 6.019634628330937 0.17550172447159162 0.07020068978863665 0.035100344894318326
221 11 8.047957420349121 6.216966486312348 0.2335314497430171 0.09341257989720683 0.046706289948603416
222 19 11.362338483333588 6.161401201946297 0.31335141420617446 0.1253405656824698 0.0626702828412349
223 12 7.296899884939194 5.918709597807824 0.2607152522124729 0.10428610088498914 0.05214305044249457
224 13 9.068524658679962 6.1752729372039195 0.22363609189953804 0.08945443675981522 0.04472721837990761
225 20 12.011316984891891 6.210688615794823 0.17029879557160205 0.06811951822864082 0.03405975911432041
226 11 7.260758817195892 6.008137765610675 0.2516985396459246 0.10067941585836984 0.05033970792918492
227 18 11.372628599405289 6.110209183816656 0.18837122755490915 0.07534849102196366 0.03767424551098183
228 13 7.946764320135117 6.08467587958936 0.12376382857015901 0.049505531428063604 0.024752765714031802
229 12 5.417947918176651 5.99833605060154 0.2552119594702481 0.10208478378809924 0.05104239189404962
230 17 11.264950454235077 6.13887710048024 0.24690059977579218 0.09876023991031688 0.04938011995515844
231 13 7.565083265304565 5.958496061235012 0.1738271436325041 0.06953085745300164 0.03476542872650082
232 9 6.887811630964279 5.855328703617784 0.14281659382841483 0.05712663753136593 0.028563318765682966
233 16 12.722003161907196 6.157741977814491 0.16294175871231953 0.06517670348492781 0.032588351742463904
234 10 5.314276278018951 6.1400814412999996 0.16286821149254668 0.06514728459701868 0.03257364229850934
235 12 8.40449658036232 6.047385242187352 0.21579009867161383 0.08631603946864552 0.04315801973432276
236 7 4.960685551166534 6.201231783779465 0.22760102211072106 0.09104040884428842 0.04552020442214421
237 10 5.407442986965179 5.949082033478443 0.14379776277053655 0.05751910510821462 0.02875955255410731
238 18 12.327457934617996 6.151537070174736 0.20668746059212076 0.08267498423684831 0.041337492118424156
239 6 5.227773606777191 6.2540117721508715 0.205981990654784 0.0823927962619136 0.0411963981309568
240 13 9.194582432508469 5.87658087017537 0.18525729096294788 0.07410291638517916 0.03705145819258958
241 8 4.652666926383972 6.24565123989462 0.2291035351559888 0.09164141406239552 0.04582070703119776
242 14 8.334352016448975 6.164551692309541 0.22283470042243242 0.08913388016897296 0.04456694008448648
243 4 3.451040208339691 6.134367142288257 0.2257665074521904 0.09030660298087616 0.04515330149043808
244 7 6.332750022411346 6.1810755817775815 0.23680348561087666 0.09472139424435067 0.04736069712217533
245 7 6.2756946086883545 6.108725717179106 0.27853785761759037 0.11141514304703616 0.05570757152351808
246 8 5.475791245698929 6.153354695903344 0.27663606052559137 0.11065442421023655 0.055327212105118276
247 21 12.719858080148697 5.896042077470931 0.21869206588369813 0.08747682635347925 0.04373841317673963
248 28 15.267466306686401 6.044590261347918 0.2132129399505245 0.08528517598020981 0.042642587990104903
249 12 5.587056249380112 6.109555099613203 0.18823474695760226 0.07529389878304091 0.037646949391520454
250 15 9.723415970802307 6.12979535982584 0.23630322487909808 0.09452128995163923 0.04726064497581962
251 24 12.318510740995407 5.983562763474415 0.30067908056349724 0.12027163222539888 0.06013581611269944
252 18 12.283775269985199 6.162867738048283 0.2163192205697678 0.08652768822790712 0.04326384411395356
253 15 10.170430153608322 6.078067952300445 0.22839424443266573 0.0913576977730663 0.04567884888653315
254 14 9.940006524324417 6.186739448325953 0.20675539715135582 0.08270215886054233 0.041351079430271165
255 23 10.935446441173553 6.111847291415534 0.2745764587604475 0.10983058350417901 0.05491529175208951
256 5 4.500518798828125 6.259335497335335 0.23361295211938218 0.09344518084775287 0.046722590423876435
257 6 4.087953478097916 6.027433280917942 0.2301025605331518 0.09204102421326073 0.046020512106630364
258 13 9.896327406167984 6.033965645995513 0.2697997774158486 0.10791991096633945 0.05395995548316972
259 23 12.272354930639267 6.068319683995482 0.12595720354643053 0.050382881418572216 0.025191440709286108
260 15 13.093756318092346 6.1707416520905 0.18723391972561296 0.07489356789024519 0.037446783945122596
261 22 16.192362427711487 6.113395288867602 0.16245278674204383 0.06498111469681753 0.03249055734840876
262 17 11.654439151287079 6.04185351734433 0.205381763598862 0.08215270543954481 0.041076352719772405
263 16 9.320534259080887 6.028453190563278 0.2122021940907402 0.08488087763629608 0.04244043881814804
264 12 7.826867908239365 5.97617222552918 0.28251835926043245 0.113007343704173 0.0565036718520865
265 19 12.081512033939362 6.172243917374248 0.20903141448089926 0.0836125657923597 0.04180628289617985
266 8 7.122451305389404 6.151401350863336 0.28950739567460454 0.11580295826984181 0.05790147913492091
267 17 10.935311317443848 6.033784640254489 0.17613767168148256 0.07045506867259302 0.03522753433629651
268 12 9.890441656112671 6.157283863699817 0.18829436176147063 0.07531774470458825 0.03765887235229413
269 23 13.56137603521347 6.112296436487675 0.21695923726368793 0.08678369490547518 0.04339184745273759
270 8 6.694230705499649 6.000880454718265 0.12564504163976525 0.0502580166559061 0.02512900832795305
271 8 5.1931533217430115 6.110359356111025 0.1960434994792769 0.07841739979171077 0.03920869989585538
272 5 4.326519191265106 6.276565146793104 0.18895337767000203 0.07558135106800082 0.03779067553400041
273 16 9.35713478922844 6.046938287539526 0.14881751970203294 0.05952700788081318 0.02976350394040659
274 13 8.918057888746262 6.065798239442966 0.2027850181308024 0.08111400725232096 0.04055700362616048
275 12 8.901801615953445 6.044613274410931 0.21959879925331785 0.08783951970132714 0.04391975985066357
276 5 4.534270346164703 6.08974232286951 0.2590749954768286 0.10362999819073145 0.05181499909536572
277 15 8.634847521781921 6.132414604977181 0.16387293112732867 0.06554917245093148 0.03277458622546574
278 9 4.1883426904678345 6.235350961995754 0.15034375845562564 0.060137503382250254 0.030068751691125127
279 14 10.556837528944016 6.197632094056757 0.1915218175979049 0.07660872703916195 0.038304363519580976
280 10 6.952347785234451 6.213439867544977 0.22579535909993667 0.09031814363997467 0.04515907181998734
281 12 5.506979882717133 6.009082543090356 0.245951871088838 0.09838074843553521 0.049190374217767605
282 18 10.175111383199692 6.068847548741978 0.19751918984531375 0.07900767593812551 0.039503837969062754
283 14 6.341230720281601 6.060853557398948 0.13049563012646404 0.05219825205058562 0.02609912602529281
284 19 12.947778075933456 5.981485639301172 0.23614694490110488 0.09445877796044196 0.04722938898022098
285 3 2.095302641391754 6.123245405602526 0.17566716213271855 0.07026686485308742 0.03513343242654371
286 12 10.2876897752285 6.032704518432443 0.24784636491182213 0.09913854596472886 0.04956927298236443
287 9 6.6723281145095825 6.061065425941885 0.2384970809473618 0.09539883237894471 0.047699416189472356
288 7 4.542889028787613 6.3272762974188215 0.2062838832370077 0.08251355329480307 0.04125677664740154
289 17 11.518336594104767 6.207536503492598 0.2170856572362232 0.08683426289448928 0.04341713144724464
290 15 10.78006598353386 6.00921477629602 0.2044798924154325 0.081791956966173 0.0408959784830865
291 22 16.308803409337997 5.958551780748116 0.21635075330424644 0.08654030132169857 0.043270150660849285
292 27 17.029442191123962 6.107917073936638 0.2508507684797141 0.10034030739188562 0.05017015369594281
293 8 6.566101133823395 6.127346437942601 0.21965601651937244 0.08786240660774898 0.04393120330387449
294 12 7.276829242706299 5.929685477021992 0.20431112765422246 0.08172445106168899 0.040862225530844495
295 14 9.559267610311508 6.065004682518367 0.19058674645661058 0.07623469858264423 0.038117349291322114
296 6 4.749294877052307 5.944492397341023 0.20081849604203533 0.08032739841681413 0.04016369920840707
297 12 7.572088003158569 5.992617861905842 0.27139143504815966 0.10855657401926386 0.05427828700963193
298 12 9.41978645324707 6.08077414695397 0.11709298252583647 0.04683719301033459 0.023418596505167293
299 27 15.382461279630661 6.076381699366413 0.14091555474549858 0.05636622189819943 0.028183110949099716
300 9 5.959816753864288 6.1002710762558205 0.2190843039692516 0.08763372158770064 0.04381686079385032
301 6 5.274332821369171 6.217605547223822 0.13878957796250524 0.05551583118500209 0.027757915592501046
302 20 13.408159375190735 6.199495453935724 0.2450663515353487 0.09802654061413947 0.049013270307069735
303 20 13.900020062923431 6.310550959360388 0.22282167183368598 0.08912866873347439 0.04456433436673719
304 16 13.995983242988586 6.096816512293636 0.19543688454036912 0.07817475381614765 0.039087376908073825
305 12 7.294396668672562 6.1255356007694655 0.19713343824878293 0.07885337529951317 0.039426687649756584
306 19 12.710659801959991 6.080559929756077 0.20179108069532972 0.08071643227813188 0.04035821613906594
307 15 8.056679248809814 5.923174679451206 0.2196149563622803 0.08784598254491212 0.04392299127245606
308 15 9.80123844742775 6.14023946902067 0.19051272142540168 0.07620508857016067 0.038102544285080336
309 16 10.695346921682358 6.227896919008261 0.21136514678884852 0.08454605871553941 0.042273029357769706
310 13 11.28596705198288 6.12766060356808 0.12248788571678966 0.048995154286715865 0.024497577143357933
311 12 8.430823564529419 6.031900413357331 0.2035621738694474 0.08142486954777896 0.04071243477388948
312 13 9.921462386846542 6.029508381670988 0.20193950863203855 0.08077580345281542 0.04038790172640771
313 12 8.802243620157242 6.0590326839413 0.2016668443395718 0.08066673773582872 0.04033336886791436
314 17 10.752029240131378 6.145089419835683 0.22547778135650326 0.0901911125426013 0.04509555627130065
315 11 8.146106779575348 6.121321950174282 0.2812661212844873 0.11250644851379492 0.05625322425689746
316 24 14.752317190170288 6.152386762542372 0.21795448329545744 0.08718179331818297 0.04359089665909149
317 13 9.042228311300278 6.095981248882166 0.1385411863054896 0.05541647452219583 0.027708237261097914
318 11 9.544564723968506 5.972607923192975 0.23751954915487217 0.09500781966194886 0.04750390983097443
319 12 6.408138483762741 6.235288330503164 0.23567836902994244 0.09427134761197697 0.04713567380598849
320 10 6.529440492391586 6.2029103167346635 0.2766524008816495 0.1106609603526598 0.0553304801763299
321 5 4.217395126819611 6.071096954363633 0.27854783659903987 0.11141913463961593 0.055709567319807966
322 7 5.452280819416046 6.191904257420088 0.24973159497019518 0.09989263798807807 0.049946318994039035
323 8 6.637876331806183 6.061366709612181 0.18287057012336314 0.07314822804934525 0.03657411402467262
324 9 7.497800827026367 6.001458275063047 0.26931269665735996 0.107725078662944 0.053862539331472
325 15 9.98527854681015 6.068078974532013 0.24737741879828143 0.09895096751931258 0.04947548375965629
326 3 2.7664358615875244 6.09636126596761 0.17046720338946217 0.06818688135578486 0.03409344067789243
327 19 13.717898070812225 6.106929746759348 0.1859342832964126 0.07437371331856504 0.03718685665928252
328 9 7.666498899459839 6.061805528809578 0.24094468075353848 0.0963778723014154 0.0481889361507077
329 7 5.769169569015503 6.027982268413939 0.3000263085949411 0.12001052343797644 0.06000526171898822
330 19 12.289342492818832 6.197735592807403 0.25307428101908397 0.10122971240763359 0.050614856203816797
331 32 20.925995767116547 6.1659416156555915 0.20497302036764828 0.0819892081470593 0.04099460407352965
332 16 8.501686453819275 6.108921279047838 0.28458185483704806 0.11383274193481922 0.05691637096740961
333 10 6.376811116933823 5.954138810742725 0.17221785132823536 0.06888714053129415 0.034443570265647074
334 19 8.552473664283752 6.223561089391579 0.16823313125275668 0.06729325250110267 0.033646626250551336
335 7 6.465054094791412 6.12772503872906 0.17668347906966855 0.07067339162786743 0.03533669581393371
336 24 9.839790910482407 6.259981719592051 0.14681977040741978 0.058727908162967905 0.029363954081483953
337 9 6.1459857523441315 6.124330358745932 0.1794052176456006 0.07176208705824023 0.03588104352912012
338 9 6.180075764656067 6.061421621079195 0.22293079438892785 0.08917231775557113 0.04458615887778557
339 32 16.11934694647789 6.042422196310271 0.26362044149344105 0.10544817659737642 0.05272408829868821
340 7 5.520176261663437 6.204465748829457 0.2948930814845082 0.11795723259380328 0.05897861629690164
341 8 6.8932477831840515 6.216861980654645 0.22501505242361053 0.09000602096944421 0.045003010484722106
342 17 10.48440220952034 6.092687496478191 0.15975321317467397 0.06390128526986959 0.031950642634934794
343 16 11.304417163133621 6.064327555898547 0.18697766812888164 0.07479106725155266 0.03739553362577633
344 14 10.604334831237793 5.948352623805635 0.19052607889703313 0.07621043155881325 0.03810521577940663
345 9 7.604905128479004 6.3521823985629 0.13989006165101342 0.05595602466040537 0.027978012330202685
346 10 8.189273208379745 6.280010021741757 0.21507854507325547 0.08603141802930218 0.04301570901465109
347 4 2.098770946264267 6.148064437661134 0.24271618443910914 0.09708647377564365 0.048543236887821826
348 6 5.143958806991577 6.065641320129003 0.2848764710017839 0.11395058840071358 0.05697529420035679
349 19 12.804630130529404 6.108740607506653 0.2543247084190778 0.10172988336763111 0.05086494168381556
350 15 9.585292130708694 6.08891522361267 0.22383302221084614 0.08953320888433845 0.044766604442169226
351 10 7.667431205511093 6.204583510107365 0.21824138281455907 0.08729655312582363 0.043648276562911814
352 13 10.079243332147598 6.067200329845227 0.2104265058311061 0.08417060233244245 0.04208530116622122
353 20 14.745576530694962 6.072198032654422 0.2612552968883807 0.10450211875535227 0.052251059377676136
354 15 9.870670199394226 6.10021828785173 0.24499086726897196 0.09799634690758878 0.04899817345379439
355 8 6.494706213474274 6.283626324565733 0.13316105095602093 0.05326442038240837 0.026632210191204184
356 14 8.49328550696373 6.1010570264333985 0.1852888914898995 0.0741155565959598 0.0370577782979799
357 15 10.640028655529022 6.113458275563845 0.250502195186534 0.1002008780746136 0.0501004390373068
358 16 12.332817167043686 6.119565609372862 0.19910783400969354 0.07964313360387741 0.039821566801938706
359 12 6.216286391019821 5.970388451761182 0.1900876747174162 0.07603506988696648 0.03801753494348324
360 5 4.582154035568237 6.113324467432946 0.23235556237270352 0.09294222494908141 0.04647111247454071
361 8 6.607530623674393 6.165562965923801 0.16247494821209457 0.06498997928483784 0.03249498964241892
362 12 9.921671092510223 5.931614421443766 0.22847262263660179 0.09138904905464072 0.04569452452732036
363 19 14.87512618303299 6.167242668225562 0.16230598186249845 0.06492239274499938 0.03246119637249969
364 8 7.13684219121933 6.00237670969314 0.19713456136471805 0.07885382454588721 0.03942691227294361
365 18 12.641116380691528 6.068460192028551 0.31084911044479824 0.12433964417791929 0.062169822088959645
366 8 5.493259638547897 5.960114444648458 0.21781905559413242 0.08712762223765297 0.043563811118826484
367 17 9.39994564652443 6.218064237746426 0.22283141131893144 0.08913256452757258 0.04456628226378629
368 11 6.778427690267563 6.122750786130518 0.25978065465144884 0.10391226186057953 0.051956130930289765
369 14 8.203294962644577 6.072481124199706 0.2831172955984098 0.11324691823936392 0.05662345911968196
370 22 12.514904350042343 6.23276705686036 0.17708961063099646 0.07083584425239858 0.03541792212619929
371 8 7.322472035884857 5.980523664252784 0.24773180766103672 0.09909272306441469 0.049546361532207345
372 6 4.6668563187122345 6.04117123921022 0.20835436318964165 0.08334174527585665 0.041670872637928326
373 16 7.072120487689972 6.072213153708409 0.22728099302732907 0.09091239721093163 0.04545619860546581
374 16 8.620743870735168 6.162947954572524 0.2770543678178259 0.11082174712713035 0.05541087356356517
375 25 14.193177193403244 6.019234976058547 0.10809189708832398 0.04323675883532959 0.021618379417664795
376 15 9.020723909139633 6.0846392821285 0.18734612745973594 0.07493845098389437 0.037469225491947186
377 16 12.602676272392273 5.99690941283763 0.25836145907945574 0.10334458363178228 0.05167229181589114
378 7 5.517255961894989 6.191519514261467 0.2029355505765477 0.08117422023061908 0.04058711011530954
379 19 10.933921486139297 6.096200319067694 0.23017527723174952 0.09207011089269981 0.04603505544634991
380 6 5.224334716796875 6.058020462007002 0.20737164488917964 0.08294865795567186 0.04147432897783593
381 15 11.895073294639587 6.166088682841925 0.2543088498745791 0.10172353994983163 0.050861769974915816
382 15 9.731982409954071 6.084129380403356 0.1747660493520232 0.06990641974080927 0.034953209870404636
383 10 6.36458295583725 5.932277996749339 0.25098712466315676 0.10039484986526272 0.05019742493263136
384 21 14.72984465956688 6.123548095235559 0.24104770760749578 0.09641908304299832 0.04820954152149916
385 15 8.705718010663986 5.934758699223715 0.188034768911329 0.0752139075645316 0.0376069537822658
386 14 9.54244664311409 6.187350003527935 0.22763981349390144 0.09105592539756058 0.04552796269878029
387 16 11.463622599840164 5.8966678400201715 0.23155720934206075 0.0926228837368243 0.04631144186841215
388 27 16.170592188835144 6.213544580179736 0.25137454965061906 0.10054981986024764 0.05027490993012382
389 20 14.612416088581085 6.0018863224294785 0.26977620406506003 0.10791048162602403 0.05395524081301201
390 7 6.2158560156822205 6.180082846031988 0.1832824536624879 0.07331298146499517 0.03665649073249758
391 14 8.873928785324097 6.201338555391885 0.2350179218374711 0.09400716873498843 0.04700358436749422
392 17 8.120108246803284 6.155228299127924 0.12073995741958976 0.04829598296783591 0.024147991483917955
393 26 14.618327885866165 6.135681611970354 0.16012459514777855 0.06404983805911142 0.03202491902955571
394 12 7.995380848646164 6.092230428348975 0.21130553698713286 0.08452221479485314 0.04226110739742657
395 18 12.279041409492493 6.010386856136315 0.13269040486274863 0.05307616194509945 0.026538080972549723
396 9 5.695115447044373 6.061427932163278 0.2015342327738466 0.08061369310953864 0.04030684655476932
397 22 10.312175124883652 6.062555657152555 0.19862884749337106 0.07945153899734843 0.039725769498674214
398 11 7.866243064403534 6.221661040144274 0.1969607332514713 0.07878429330058852 0.03939214665029426
399 13 8.03529143333435 6.1192012989254385 0.166344794966634 0.06653791798665361 0.033268958993326804
400 16 8.662993997335434 6.094300153884421 0.20303009318472576 0.0812120372738903 0.04060601863694515
401 7 5.49958011507988 5.909103171573259 0.15608989002294918 0.06243595600917967 0.031217978004589836
402 18 9.874595671892166 6.042837598992393 0.18450694703308515 0.07380277881323405 0.036901389406617024
403 15 11.404594987630844 6.247992203583693 0.2710956801213832 0.10843827204855329 0.054219136024276644
404 15 6.904359996318817 6.039399846726592 0.26857199803112947 0.10742879921245178 0.05371439960622589
405 6 5.433334767818451 6.0812179177564465 0.2181378688174028 0.08725514752696112 0.04362757376348056
406 5 3.575584828853607 6.047873021549687 0.23377622501674034 0.09351049000669613 0.046755245003348066
407 11 9.41353765130043 6.3310227361410405 0.22689801177422825 0.09075920470969129 0.045379602354845644
408 10 9.072857916355133 6.050696687316528 0.25285716741003156 0.10114286696401263 0.050571433482006316
409 12 6.960958898067474 6.19037651480643 0.32252124921811354 0.12900849968724543 0.06450424984362271
410 18 12.333880215883255 5.866513887738579 0.2365415049080466 0.09461660196321864 0.04730830098160932
411 14 12.03504103422165 6.094939355352459 0.2081479398200495 0.08325917592801979 0.041629587964009895
412 10 5.090901285409927 6.152178127177499 0.2554015323632095 0.1021606129452838 0.0510803064726419
413 18 7.361944675445557 6.058565687871757 0.24914583220410963 0.09965833288164384 0.04982916644082192
414 9 6.300462692975998 6.044888397569945 0.18225397421032177 0.0729015896841287 0.03645079484206435
415 13 9.326981097459793 6.020429112172373 0.14277916263613985 0.05711166505445594 0.02855583252722797
416 14 11.237296164035797 5.832327417927852 0.16744645907229358 0.06697858362891743 0.03348929181445871
417 20 11.240854322910309 5.993590264019312 0.287961390965896 0.1151845563863584 0.0575922781931792
418 7 6.38519150018692 6.031772596709555 0.20438939541368212 0.08175575816547284 0.04087787908273642
419 7 5.2676160633563995 6.106882386336662 0.18519182061941053 0.0740767282477642 0.0370383641238821
420 11 7.641577422618866 5.991281333376012 0.16452714325973045 0.06581085730389218 0.03290542865194609
421 19 9.042724341154099 6.031429974266651 0.2235521461188215 0.08942085844752859 0.044710429223764295
422 20 11.490454763174057 5.9823756467633045 0.2253021252533879 0.09012085010135516 0.04506042505067758
423 12 9.763661175966263 6.165427691867807 0.1714934670049234 0.06859738680196936 0.03429869340098468
424 34 17.93682563304901 6.100671654137018 0.20276556499515108 0.08110622599806043 0.040553112999030215
425 5 4.175704658031464 6.015445957693068 0.19119889271130952 0.07647955708452381 0.038239778542261904
426 17 14.005127727985382 6.081248365877803 0.1176940160324865 0.0470776064129946 0.0235388032064973
427 9 6.548906743526459 6.127792794792868 0.30893219945295103 0.12357287978118041 0.061786439890590204
428 7 5.890217900276184 6.216207522238233 0.15248148474185289 0.06099259389674116 0.03049629694837058
429 10 8.523415088653564 6.043040544903565 0.18593746610760437 0.07437498644304175 0.03718749322152087
430 11 7.046032071113586 5.923548771867867 0.2513328243225594 0.10053312972902376 0.05026656486451188
431 12 7.632663875818253 6.2195658703783385 0.20048795435471356 0.08019518174188542 0.04009759087094271
432 10 6.009720981121063 6.191266607710352 0.21857365098009124 0.08742946039203649 0.043714730196018244
433 12 9.185514867305756 6.023442955152239 0.1535684550556038 0.06142738202224151 0.030713691011120755
434 16 8.222707718610764 6.151698096336671 0.1604128483599864 0.06416513934399455 0.032082569671997276
435 21 13.08523839712143 6.17134751031554 0.16805666324339685 0.06722266529735875 0.033611332648679375
436 7 6.023451536893845 6.207396444163315 0.17122066564782387 0.06848826625912956 0.03424413312956478
437 19 12.533002018928528 6.265372209361797 0.21068719682206152 0.08427487872882461 0.042137439364412305
438 8 5.5144748985767365 6.245574939298179 0.24878340514586694 0.09951336205834678 0.04975668102917339
439 30 16.159366965293884 5.984610075041633 0.2705122945807068 0.10820491783228273 0.05410245891614136
440 12 6.7375151216983795 5.908024419951614 0.1569350162252219 0.06277400649008877 0.031387003245044384
441 4 2.1730025708675385 6.1588471419210755 0.23468664384410257 0.09387465753764103 0.046937328768820515
442 4 2.9880455136299133 6.02484329890973 0.19705399342105384 0.07882159736842154 0.03941079868421077
443 22 14.266595959663391 6.257395131865478 0.20185947970636958 0.08074379188254784 0.04037189594127392
444 10 6.413789808750153 6.074237549856285 0.23765734275189737 0.09506293710075894 0.04753146855037947
445 10 8.514844477176666 5.909804406135558 0.1390894087503823 0.05563576350015292 0.02781788175007646
446 19 11.118632316589355 6.069648938342143 0.24431663674406273 0.09772665469762509 0.048863327348812546
447 8 6.731328099966049 5.984668031564972 0.17981493478940977 0.07192597391576391 0.03596298695788196
448 4 3.706591546535492 5.995096954392373 0.15162976898065592 0.06065190759226236 0.03032595379613118
449 10 7.9343176782131195 5.999909370568767 0.2105972216613035 0.08423888866452141 0.042119444332260704
450 12 9.804349601268768 6.14634544725501 0.2292629058189019 0.09170516232756076 0.04585258116378038
451 13 10.25605109333992 6.2289042756049735 0.18716591908186275 0.07486636763274511 0.037433183816372555
452 25 12.364866346120834 6.045301368856339 0.156705887012864 0.0626823548051456 0.0313411774025728
453 5 4.112303078174591 5.919104651475548 0.21490771594392769 0.08596308637757108 0.04298154318878554
454 12 9.702997714281082 6.032843216714351 0.12725988096536758 0.05090395238614703 0.025451976193073517
455 12 8.84704938530922 6.1800735989710125 0.2540125094003056 0.10160500376012224 0.05080250188006112
456 11 8.323360532522202 6.20138087209025 0.18186677719953093 0.07274671087981237 0.036373355439906184
457 14 8.074706614017487 5.995061670407954 0.17211773181715997 0.06884709272686398 0.03442354636343199
458 16 11.24213233590126 6.086531204569111 0.1859033330693804 0.07436133322775215 0.037180666613876076
459 10 7.044031918048859 6.1955468848348225 0.14210100331096226 0.0568404013243849 0.02842020066219245
460 9 5.633148580789566 6.1474178453489605 0.20386559914844196 0.08154623965937678 0.04077311982968839
461 7 4.854707956314087 5.94529061953091 0.21136688304754128 0.08454675321901652 0.04227337660950826
462 9 6.3229368925094604 6.0543575970477015 0.13866984553790515 0.05546793821516206 0.02773396910758103
463 17 10.386224329471588 6.080917048244604 0.2183038656489054 0.08732154625956215 0.043660773129781075
464 11 7.226317077875137 6.088202041725536 0.26057864785454815 0.10423145914181925 0.052115729570909625
465 8 5.374741822481155 5.97219126754318 0.049747156020977186 0.019898862408390873 0.009949431204195437
466 4 3.106068432331085 6.040845315933709 0.2366042475721482 0.09464169902885929 0.04732084951442964
467 8 4.33793181180954 6.227169931950386 0.19034513390183133 0.07613805356073253 0.038069026780366264
468 19 10.62475973367691 5.983048931929543 0.16371831463221065 0.06548732585288426 0.03274366292644213
469 14 4.722997426986694 5.887506902379183 0.2138626617963736 0.08554506471854943 0.042772532359274716
470 14 8.716551810503006 6.163800855423139 0.2080587523626234 0.08322350094504935 0.041611750472524675
471 21 10.773059844970703 5.801435617843576 0.19720256043674456 0.07888102417469782 0.03944051208734891
472 21 11.216631770133972 6.152833196628534 0.17421086225312338 0.06968434490124935 0.034842172450624674
473 12 7.5458623468875885 6.261603787302816 0.1956997343067486 0.07827989372269945 0.03913994686134972
474 12 8.659113019704819 6.195102207579144 0.261608783884537 0.10464351355381481 0.052321756776907404
475 21 10.345728874206543 6.027180329317059 0.21831867599119315 0.08732747039647726 0.04366373519823863
476 7 4.383470892906189 6.196787572276375 0.1968008971656555 0.07872035886626219 0.039360179433131096
477 11 5.830399125814438 6.212783911250845 0.14677995937683633 0.05871198375073453 0.029355991875367266
478 9 6.593379855155945 5.974035089995557 0.28300273046458024 0.11320109218583209 0.056600546092916044
479 14 9.125497817993164 6.105986246858679 0.32433334185596113 0.12973333674238446 0.06486666837119223
480 18 11.068128019571304 6.299998848180329 0.18881199405366703 0.07552479762146681 0.03776239881073341
481 16 8.854875236749649 6.102290556692402 0.18631002240227665 0.07452400896091066 0.03726200448045533
482 9 5.43354132771492 6.110119047224161 0.2431161146375549 0.09724644585502196 0.04862322292751098
483 19 9.435918390750885 5.947767807662554 0.16676078623560336 0.06670431449424134 0.03335215724712067
484 4 3.596651256084442 6.142641391922282 0.20978883980619129 0.08391553592247653 0.04195776796123826
485 14 9.117412567138672 6.1150283276667 0.2546659019481217 0.10186636077924868 0.05093318038962434
486 12 7.837777495384216 5.990821545619255 0.16945329625502564 0.06778131850201026 0.03389065925100513
487 17 8.335330694913864 6.0708027628796115 0.17704857557711193 0.07081943023084476 0.03540971511542238
488 14 7.945177108049393 6.098207507115639 0.20601258718007473 0.0824050348720299 0.04120251743601495
489 13 7.34079971909523 6.124576027824221 0.17862222753036028 0.0714488910121441 0.03572444550607205
490 17 11.341229051351547 6.023252141660714 0.17391858241026428 0.06956743296410572 0.03478371648205286
491 19 11.775063663721085 6.042355432361049 0.18670852391751816 0.07468340956700727 0.03734170478350363
492 18 10.653947621583939 6.048338882726452 0.19632806208513826 0.07853122483405531 0.039265612417027654
493 13 10.067636787891388 6.088843635969706 0.22510862891851036 0.09004345156740413 0.04502172578370207
494 16 10.588136106729507 6.02038690361928 0.17015216070266126 0.0680608642810645 0.03403043214053225
495 18 10.231752127408981 6.1784330835000745 0.21582118104284392 0.08632847241713756 0.04316423620856878
496 10 6.414363652467728 6.056055760723946 0.2791571898464963 0.11166287593859851 0.05583143796929926
497 9 7.062561213970184 6.056310309847095 0.21648200915391907 0.08659280366156763 0.043296401830783815
498 11 4.495789259672165 6.15292297501239 0.2249750790403756 0.08999003161615024 0.04499501580807512
499 6 4.548466801643372 6.140223111857039 0.31259738941955323 0.12503895576782129 0.06251947788391064
500 7 5.7675923109054565 6.184282404689103 0.2371416475051004 0.09485665900204016 0.04742832950102008
501 16 10.289525598287582 5.936152559406995 0.22495343922273853 0.08998137568909541 0.044990687844547704
502 16 13.076484024524689 6.338715921986363 0.17948887936236954 0.07179555174494781 0.035897775872473905
503 11 6.957498252391815 5.907809391521181 0.1966735356243322 0.07866941424973288 0.03933470712486644
504 11 8.609766513109207 6.258369958064721 0.185392785003699 0.07415711400147959 0.037078557000739795
505 9 5.628294348716736 6.213721582502684 0.18326435485898324 0.0733057419435933 0.03665287097179665
506 21 12.882559806108475 6.042424174078989 0.2466682398872249 0.09866729595488995 0.049333647977444973
507 21 12.701728910207748 6.220452505388704 0.27823892953163787 0.11129557181265515 0.055647785906327574
508 7 4.202655792236328 6.113698847311617 0.17857981899435715 0.07143192759774286 0.03571596379887143
509 11 8.750052601099014 6.1574308245055285 0.17734759063721786 0.07093903625488715 0.035469518127443575
510 9 3.543090581893921 6.155811987788004 0.2081980661622749 0.08327922646490996 0.04163961323245498
511 12 6.86755645275116 6.155238345177299 0.25000798981506267 0.10000319592602507 0.05000159796301253
512 9 5.87597119808197 6.074370525379882 0.1597101240874219 0.06388404963496877 0.031942024817484385
513 18 10.422484636306763 6.049637000898695 0.26473528816811565 0.10589411526724625 0.052947057633623125
514 5 3.70739883184433 6.333125378525478 0.17500146431981575 0.0700005857279263 0.03500029286396315
515 6 4.596431791782379 6.055294623660749 0.1725811005509255 0.0690324402203702 0.0345162201101851
516 13 8.25365948677063 6.266484653793202 0.1525018824985593 0.06100075299942372 0.03050037649971186
517 17 9.85227644443512 6.020831323161296 0.23206784615279538 0.09282713846111816 0.04641356923055908
518 11 9.022716611623764 5.997664146042407 0.1936941463343495 0.07747765853373981 0.038738829266869904
519 13 6.798912525177002 6.060545083859974 0.2929587883632942 0.11718351534531768 0.05859175767265884
520 12 7.1107578575611115 5.938982246098537 0.2685137425486758 0.10740549701947033 0.053702748509735165
521 10 7.522525578737259 6.157610841935574 0.1951390534339126 0.07805562137356505 0.03902781068678252
522 13 8.94852203130722 6.093789799398305 0.16946966328947818 0.06778786531579127 0.033893932657895635
523 15 8.626863330602646 6.096527689247749 0.14195522377339112 0.056782089509356454 0.028391044754678227
524 9 5.962578356266022 6.07859600686325 0.19401656521890948 0.07760662608756379 0.038803313043781894
525 18 11.565568596124649 6.0079403166090035 0.2638562181515849 0.10554248726063395 0.052771243630316975
526 7 5.694762825965881 6.013110493255 0.20901898206827624 0.08360759282731049 0.041803796413655246
527 11 7.75602862238884 6.129236830773957 0.31102954230744706 0.12441181692297883 0.06220590846148941
528 10 6.715821087360382 6.082712617032251 0.29144271692621065 0.11657708677048426 0.05828854338524213
529 17 11.009248971939087 6.0433973467482005 0.1407941794714528 0.056317671788581124 0.028158835894290562
530 17 9.86646831035614 6.155383901003134 0.13866019731035772 0.05546407892414309 0.027732039462071544
531 11 5.204460144042969 6.113976485645445 0.1646964856070485 0.0658785942428194 0.0329392971214097
532 11 6.518724173307419 5.996632957228613 0.16044901079417115 0.06417960431766846 0.03208980215883423
533 5 3.953207790851593 6.050005095270287 0.14686930373837598 0.058747721495350395 0.029373860747675198
534 19 11.990743219852448 5.772142260701483 0.20241855686514182 0.08096742274605673 0.040483711373028364
535 9 6.615951478481293 5.989186782875252 0.26706279227729673 0.10682511691091869 0.05341255845545934
536 14 9.872539430856705 6.15643885077484 0.1825216428504663 0.07300865714018652 0.03650432857009326
537 10 5.681351721286774 6.1200069215984065 0.1820702042481224 0.07282808169924897 0.036414040849624484
538 4 2.720677614212036 6.055238507981904 0.25171486898483436 0.10068594759393375 0.050342973796966874
539 13 10.81554126739502 6.028113984896379 0.189550178191457 0.0758200712765828 0.0379100356382914
540 21 12.29400846362114 6.184625401502725 0.17881157369162262 0.07152462947664906 0.03576231473832453
541 16 9.512440294027328 6.138467967136351 0.2374890995474291 0.09499563981897165 0.047497819909485824
542 16 7.830831080675125 6.056843604484961 0.1602303865161633 0.06409215460646532 0.03204607730323266
543 23 12.07465249300003 6.212299874446671 0.21506391108761377 0.08602556443504551 0.043012782217522756
544 17 11.78975561261177 6.210089031156722 0.21160333889881527 0.0846413355595261 0.04232066777976305
545 10 8.018640041351318 5.813079304138239 0.20007019922065344 0.08002807968826138 0.04001403984413069
546 11 7.765165269374847 6.088005483107642 0.21424966955760674 0.0856998678230427 0.04284993391152135
547 16 10.289973795413971 6.297534722732459 0.16655021977998502 0.06662008791199402 0.03331004395599701
548 14 9.844690710306168 6.116144080764558 0.25865445594710523 0.10346178237884208 0.05173089118942104
549 21 12.430068403482437 6.110141168723154 0.21056590402874806 0.08422636161149923 0.04211318080574961
550 6 4.521860837936401 6.0259419063589075 0.2095809204581953 0.08383236818327812 0.04191618409163906
551 17 11.657763093709946 6.156147532771283 0.2243054813775084 0.08972219255100336 0.04486109627550168
552 8 5.142744034528732 6.114130913273276 0.2395793938137483 0.09583175752549931 0.04791587876274966
553 4 3.6303442120552063 5.962302918743827 0.23902877098811237 0.09561150839524495 0.04780575419762247
554 15 8.807127803564072 6.056418218513207 0.21642252605171128 0.08656901042068452 0.04328450521034226
555 13 9.225488185882568 6.116636251787962 0.16010073329933477 0.0640402933197339 0.03202014665986695
556 24 12.759335726499557 6.127346861629214 0.2086097051675132 0.08344388206700529 0.041721941033502644
557 14 9.60511165857315 6.162102402141747 0.1491564714043809 0.05966258856175236 0.02983129428087618
558 10 4.563371330499649 6.0728687290689525 0.27992395551698906 0.11196958220679562 0.05598479110339781
559 20 15.023195594549179 6.072876046080412 0.14289279951087117 0.05715711980434846 0.02857855990217423
560 13 9.035390079021454 6.030184349958122 0.1974541653299158 0.07898166613196632 0.03949083306598316
561 15 10.197841227054596 6.22940114560435 0.1679259769368589 0.06717039077474356 0.03358519538737178
562 10 6.316882789134979 6.14658848776467 0.26200108614893786 0.10480043445957514 0.05240021722978757
563 9 5.898588061332703 6.202977052944914 0.1697135542313579 0.06788542169254316 0.03394271084627158
564 9 5.316709250211716 6.013491434976684 0.13584220913294098 0.05433688365317639 0.027168441826588195
565 17 9.312345534563065 6.223318762256617 0.24520882579240166 0.09808353031696067 0.049041765158480334
566 6 5.4807241559028625 6.17361007664791 0.21196199197075055 0.08478479678830023 0.04239239839415011
567 14 9.622783154249191 6.262276261975713 0.21658329542896188 0.08663331817158476 0.04331665908579238
568 23 12.734485179185867 6.008106112117904 0.22651792555377576 0.09060717022151031 0.045303585110755155
569 13 10.164438515901566 6.099146950722339 0.21935460872702953 0.08774184349081181 0.043870921745405904
570 25 15.519108772277832 6.196239752659018 0.19285615800306768 0.07714246320122707 0.038571231600613536
571 8 7.364607453346252 6.182791862678984 0.19069769422976152 0.0762790776919046 0.0381395388459523
572 12 9.741054832935333 5.9279896249387205 0.29332759092918126 0.11733103637167251 0.058665518185836256
573 20 15.789705038070679 5.969928512106106 0.20349776285824978 0.08139910514329991 0.040699552571649956
574 11 9.216139018535614 6.0146096822759985 0.2073039782500883 0.08292159130003532 0.04146079565001766
575 9 7.199822932481766 6.064733169433066 0.2656169597490388 0.10624678389961552 0.05312339194980776
576 9 7.726452589035034 6.120778848397031 0.1876164229526879 0.07504656918107516 0.03752328459053758
577 10 6.905342727899551 6.096559729231115 0.18720026406830725 0.0748801056273229 0.03744005281366145
578 10 7.250929355621338 6.270332739690773 0.2316969289647677 0.09267877158590708 0.04633938579295354
579 7 5.525621682405472 6.1939514544621135 0.14838427590545072 0.0593537103621803 0.02967685518109015
580 11 8.701180845499039 6.061832886222236 0.21861618036123878 0.08744647214449551 0.043723236072247755
581 5 4.657915771007538 6.06172992321417 0.23106392793434072 0.09242557117373629 0.046212785586868144
582 5 4.159348368644714 5.95601491676135 0.20499405331339163 0.08199762132535665 0.040998810662678326
583 20 12.24370989203453 6.1694888641094785 0.19718603077043836 0.07887441230817535 0.039437206154087676
584 5 3.144094318151474 6.142012419874012 0.23609134276201194 0.09443653710480478 0.04721826855240239
585 19 11.497653305530548 6.1243917419906975 0.1594361655041699 0.06377446620166795 0.031887233100833974
586 22 14.204734116792679 6.250801465977464 0.1836746350964103 0.07346985403856413 0.03673492701928206
587 5 4.556430697441101 6.301771816485505 0.1971981334755346 0.07887925339021384 0.03943962669510692
588 7 5.6240003407001495 6.037676856266154 0.0889148595453715 0.0355659438181486 0.0177829719090743
589 22 11.46746477484703 6.076754434256359 0.25426422104966223 0.10170568841986488 0.05085284420993244
590 12 9.998988211154938 6.291258293219432 0.30127102829308317 0.12050841131723328 0.06025420565861664
591 11 7.823149800300598 6.3191531816978 0.17832268937533652 0.0713290757501346 0.0356645378750673
592 12 9.8636075258255 6.186273898464146 0.22887599703852637 0.09155039881541055 0.045775199407705275
593 22 12.45524787902832 6.176374856060648 0.27388373163528634 0.10955349265411453 0.054776746327057264
594 5 4.734452724456787 5.919943518686604 0.22749821941755138 0.09099928776702056 0.04549964388351028
595 5 4.580243408679962 6.111315856915892 0.1784018423951433 0.07136073695805732 0.03568036847902866
596 19 12.996279031038284 6.239325148695137 0.18994298228937906 0.07597719291575163 0.03798859645787581
597 5 4.404958426952362 6.102381735065534 0.21357913796306044 0.08543165518522418 0.04271582759261209
598 5 4.309951961040497 6.080792261969524 0.20303622600645888 0.08121449040258355 0.040607245201291775
599 24 9.460857957601547 5.932860543476002 0.20417430244278073 0.0816697209771123 0.04083486048855615
