0 13 0.5785907294254159 0.6263836159054709 0.6521455992319004 4.7737757563591 1.3062140231784687
1 11 0.4833246776439242 0.44896760663720947 0.44851401508095673 4.357789844274521 1.1042380987645257
2 9 0.5993470189816523 0.5509655263888388 0.5491895304592482 3.3949297070503235 1.354199422282442
3 2 0.5325411598171556 0.47571264355184645 0.47561346597965654 0.8085156381130219 1.1208790884785609
4 14 0.5021542546895152 0.40496167580203996 0.4012096893292386 5.029049575328827 1.3162658740996236
5 8 0.5293281201499482 0.6233522540839714 0.6383585061446272 3.1113109588623047 1.173805579118204
6 16 0.5864725826350099 0.6273073042332009 0.6529619930526813 6.364165097475052 1.3332747885683727
7 13 0.4776359389229759 0.4831806964608704 0.4872897622296652 7.021561145782471 1.1258909553730043
8 0 0.5652176208223212 0.5836064552301925 0.5899289800850175 0.0 1.2511227200574306
9 3 0.6887292733815762 0.4147221294101816 0.4113338881957138 1.1571266055107117 1.16644758227732
10 2 0.6685414716952534 0.45284781027776205 0.451490555202179 0.7779329717159271 1.2217723994108414
11 2 0.5400562008468706 0.6462020822195428 0.6636320772783253 0.7779329717159271 1.2496691619656966
12 2 0.4170418129976732 0.5181423770834578 0.5159483123043865 0.6086863577365875 1.294590022360294
13 3 0.44640562540597156 0.7453774213444422 0.7137373962617772 1.42265784740448 1.1883857666154067
14 3 0.6162566226254113 0.4967465698441576 0.4979923678025216 1.42265784740448 1.160491873734952
15 11 0.49793951308260537 0.5498526434735705 0.5489031411273997 4.434692233800888 1.287593787462885
16 6 0.6753322042277672 0.49308334431697354 0.49416359075548005 2.121487408876419 1.2494804894371925
17 1 0.6211669006907394 0.5121485322145638 0.511169852647751 0.4642336368560791 1.385527126284504
18 7 0.3836038700674307 0.6608094173264134 0.6846019070845908 3.183068871498108 1.1759657552945422
19 6 0.6634103789740222 0.6173640175740999 0.6315319577679086 2.1548801958560944 1.2198619915630704
20 0 0.6671594964798361 0.5551809611449972 0.5551500998342948 0.0 1.0947557158591361
21 6 0.4259433211879357 0.45353729095053413 0.4522486203602406 2.918184518814087 1.3100644819177023
22 1 0.3332799198309101 0.41025764966123013 0.4068909984407317 0.44389766454696655 1.0810134692192652
23 4 0.5086677581240809 0.48344760104012163 0.48846880527876724 1.4510768055915833 1.1654574772994104
24 4 0.5167372481035173 0.3847078793717488 0.37989484397786166 1.4510768055915833 1.2110501391101878
25 2 0.5317239050366398 0.6163041567429723 0.6278613043103092 1.2945454120635986 1.133840162865259
26 3 0.3832839457264341 0.5194555122144008 0.5179126426915449 1.5476471185684204 1.2323395550213814
27 4 0.6277420784202257 0.2746768069349705 0.2672945205556374 1.8840659856796265 1.206378806399551
28 14 0.49132911863244555 0.4413876799408459 0.43856554875257114 6.049634605646133 1.0548276129201288
29 2 0.5154661265678787 0.6078471299354258 0.6157248984466086 0.6563653647899628 1.3172153691923514
30 2 0.49745987362445676 0.5646567729998849 0.5670099676911687 0.546165406703949 1.1938840296621354
31 4 0.4867486604764424 0.46150629411231814 0.46088072769886035 1.3380701839923859 1.2562588757151512
32 19 0.6102987677339266 0.5905229956650503 0.5961103257704209 9.316990911960602 1.3463934926830303
33 11 0.3124963439260169 0.6694141288194758 0.6901400198747545 6.305043309926987 1.1754113556249075
34 14 0.6312524733425071 0.5456636054228654 0.5456557522974772 7.744604080915451 1.3017028922185103
35 14 0.5974944625474186 0.32241784608861135 0.298165338278365 6.0103325843811035 1.0839115444726592
36 15 0.5781889518054586 0.30280264675938595 0.27991589158420543 6.661587864160538 1.444528267550385
37 12 0.5772236372842032 0.4415280449948676 0.4392717253277486 5.313430219888687 1.3049077907974191
38 10 0.5146579220984092 0.5810502683307868 0.5822725413440546 5.773484170436859 1.0445133990240898
39 8 0.6085818885586287 0.5650999487432768 0.5678846771781761 3.5476541221141815 1.1814788552170612
40 13 0.48802060078325027 0.7580329224108142 0.7512191139095139 5.9141819179058075 1.2232728493120766
41 8 0.4725635107271225 0.44689823374419696 0.4461199299038557 4.540465414524078 1.1693000329466117
42 5 0.5177146852504056 0.6239432492520152 0.6411237481408273 2.9365653693675995 1.246050148965133
43 13 0.713536573364295 0.3601180154137995 0.3446181753177656 4.969091475009918 1.2088700843038336
44 15 0.5330823400248835 0.529292652381342 0.5303779556234308 7.507218271493912 1.343363677103542
45 8 0.648779715552181 0.42574412120249205 0.4235788737492284 5.0217128694057465 1.0168698343780893
46 13 0.6213550279133946 0.6597961528173013 0.6831078272322959 7.529814958572388 1.2061443399226375
47 2 0.538178479836118 0.4441249486564557 0.44142828846058224 0.8921349942684174 1.1991256764589442
48 7 0.5209930304813695 0.40555194178266374 0.40170000648903637 4.161491006612778 1.1211589574183367
49 5 0.500455495558547 0.5573851102213063 0.5580437431430288 2.1778134405612946 1.015053278099173
50 9 0.4353482996317049 0.5998794280425817 0.6075987730087004 5.007679998874664 1.130024712823852
51 6 0.7536029474457893 0.38817188878575526 0.3846218343759783 3.7469861209392548 1.1830155041083525
52 18 0.4865605559468807 0.3781074817529542 0.3695830941231687 8.683022111654282 1.1167347851606264
53 16 0.513498238691051 0.7265976030663797 0.710244743895715 5.613892495632172 1.2588584034413606
54 23 0.4540810338099154 0.4651361072117676 0.46287653770559517 10.392217725515366 1.2822165098566412
55 9 0.5727278037504845 0.4322825200160368 0.4285135358840069 4.106352210044861 1.150410054847152
56 12 0.5381111532975978 0.41341985979550133 0.4092016533801569 6.091269254684448 1.2862569181917163
57 1 0.4914977059744444 0.41737107508709237 0.41206423290312344 0.627587616443634 1.2745606351990333
58 12 0.46552763133702774 0.5487236946594573 0.548475369406395 6.7010679841041565 1.1290487885178744
59 9 0.3869104768095876 0.3254614491012039 0.30544260957454433 4.7868847250938416 1.2040137436841616
60 8 0.5352438155282669 0.6886519042645081 0.7039158167689649 3.4356440901756287 1.268704294202026
61 8 0.49774785902615687 0.6871655804187351 0.7016416122108049 3.830838292837143 1.2644002768513287
62 17 0.6460372243140897 0.49570372548729186 0.495982479919873 11.515511095523834 1.2239287457088461
63 17 0.5451050728508904 0.5295036609642376 0.5315565674132873 8.738765358924866 1.1689005840416882
64 5 0.642842752026302 0.43421889327651764 0.43322748468450967 1.4375595450401306 1.1372603099039371
65 6 0.4314969611704687 0.3654833556867071 0.3538584060333269 2.7163007855415344 1.2850001254094554
66 12 0.560191586122562 0.4784413404201123 0.48222646235149536 5.789099872112274 1.255813466656941
67 15 0.4206598245967356 0.47737442967255433 0.47911864683179883 9.966937482357025 1.2028552416369789
68 3 0.5519136421820982 0.4263426049618893 0.424710809227809 1.3104620277881622 1.3067504503604526
69 15 0.6099347673871601 0.6481256229740309 0.6680179333162967 6.662165403366089 1.1643662222894473
70 17 0.4898814973211553 0.4702875405726397 0.46606857983763705 7.1841701567173 1.2121969270725736
71 12 0.47012960645516194 0.6347836594029418 0.6615112228247789 6.279639631509781 1.2839934922216116
72 12 0.574143601453158 0.5151326981374376 0.5123446423333262 5.025891661643982 1.3038338556039282
73 7 0.4887149830269708 0.48131781049101235 0.4845297689820097 3.4606664776802063 1.4068225481897707
74 10 0.6037369844855234 0.5170290591793278 0.5143917888946754 6.826967149972916 1.24749973169947
75 10 0.4586704802575087 0.5675470904628697 0.5693013286323634 4.698243170976639 1.1829579901514595
76 16 0.5504656702160142 0.6497728439461372 0.6682616433494686 7.194587558507919 0.9644453150775077
77 16 0.47945815072834497 0.45858644009381144 0.4583134729138389 9.256686508655548 1.1556919244029922
78 14 0.43717774995505465 0.7275656486360927 0.7107659164124973 8.216760396957397 1.3581927403893372
79 12 0.45661442756230863 0.5174426895285588 0.5146920877665617 4.894924581050873 1.230734585660101
80 13 0.6522615310852944 0.5063362224890227 0.5064275878741162 7.454319417476654 1.085794043756002
81 6 0.282017111680092 0.47770193237261194 0.4797532389129689 2.10837459564209 1.129454854822165
82 9 0.48236122385325664 0.5136372494225928 0.512278958872285 4.582713425159454 1.1732540090496233
83 4 0.638543082562241 0.5410131405782878 0.5415136030894333 1.8194056153297424 1.1039164444078724
84 4 0.5608261669655344 0.48992106993421364 0.49253186339767296 1.6360579431056976 1.0441917207283598
85 2 0.14959661686077952 0.5643869830726446 0.5656592161721068 1.1925097703933716 1.198406335844387
86 20 0.5046652756099759 0.5203990646966964 0.5189383000998469 9.792227745056152 1.0672308323697088
87 7 0.5442827485271835 0.6581080753600163 0.6764052828147422 3.2130631804466248 1.0774394293323784
88 3 0.5338595091972146 0.4259110812274192 0.42364779585372686 0.7724153101444244 1.1776641480565218
89 7 0.4376851004585222 0.661368785538783 0.6850900356501656 2.959879994392395 1.2524227776131407
90 7 0.6407684576862733 0.41271590653868634 0.4072804165484331 3.9102966487407684 1.1842366654078118
91 4 0.6081019304844243 0.3941211853713063 0.38975350258462277 2.794276475906372 1.2766888908643823
92 5 0.6521660375318099 0.7177734166175589 0.7093943155650788 2.0560942888259888 1.2296939184245963
93 15 0.5292852371196528 0.37874643574332767 0.37314143090839014 7.238838374614716 1.126002950832173
94 9 0.5810754490557689 0.3717803226925359 0.3628321033195254 3.966908484697342 1.280051351980119
95 8 0.6065019297449288 0.5106158601455387 0.5107905292582565 3.6097060441970825 1.1195684598036832
96 4 0.5612564630787507 0.5437615130633131 0.5446246970110875 2.0761090517044067 1.096559460328225
97 2 0.5861407234814853 0.6517692477524517 0.6685027438282659 0.5588731467723846 1.2821448212569906
98 16 0.6788543496655498 0.5846830677757353 0.5910271178409966 7.107337206602097 1.163877177141524
99 6 0.4658276851028081 0.5526298756098857 0.552777251301438 2.2117788195610046 1.4989815149635672
100 2 0.5779446934729736 0.3856951057848463 0.3840124825589881 0.5461154282093048 1.1757798154955537
101 9 0.5460493510484041 0.5337948476666895 0.5353312185490899 6.145581901073456 1.1919875982471504
102 3 0.6246315101775446 0.5750298845323586 0.5733808480990377 1.5889330208301544 1.2482714945108724
103 13 0.53597317516595 0.44463459325128585 0.4430191073733052 7.811603665351868 1.1074827501571982
104 1 0.5179532751086509 0.43410361485796045 0.43306167516127325 0.5472410917282104 1.2650966576373794
105 4 0.4179688761401873 0.46761113523004405 0.4650417992822625 2.195342183113098 1.2915515783502638
106 10 0.4425102844382143 0.49664860311300746 0.49795882572305505 5.743116945028305 1.2020232409435796
107 9 0.37659256712914974 0.6591533527457045 0.6787939723324253 4.575702041387558 1.1130994577856135
108 6 0.5187578972528913 0.5278830137233085 0.527601348458093 2.9563958644866943 1.239075210338415
109 10 0.5775789261076532 0.42539364842325117 0.4221404933585218 5.826831251382828 1.0746175764528136
110 7 0.5537701656466156 0.5184833263409366 0.5167035219965843 4.028066545724869 1.1568297760415243
111 6 0.482289884826942 0.5640295162558723 0.5639971544626348 3.4104784429073334 1.3461550252338295
112 10 0.4323853121164721 0.49605033507955254 0.4973554062641252 6.556611806154251 1.3478568208197224
113 4 0.25349499122344 0.5087439372193454 0.5080243494781325 1.93885338306427 1.1743751330505994
114 5 0.4420843601211929 0.5334840717483542 0.5332517360044583 3.7306803464889526 1.2921699502025306
115 9 0.5088695792491649 0.6278351641445228 0.6563500431096924 4.152890086174011 1.1074650052923747
116 11 0.48861400555599255 0.5156259431999861 0.5135838879251287 4.963401734828949 1.2298518248131114
117 19 0.46606307572369543 0.43306566666421115 0.4308388296831291 7.381138652563095 1.181186068401257
118 13 0.42621686331862074 0.4382360181341393 0.43739800691946323 9.036636114120483 1.1057585868165256
119 11 0.6978367134102792 0.5541573322206955 0.5536963747333394 5.078449845314026 1.3941427673951687
120 8 0.5391536998327323 0.195817459870121 0.21308354979811722 4.70473176240921 1.217724784996326
121 6 0.5594622038507745 0.43713789202037906 0.4342234286674746 3.6431329548358917 1.3296526755255946
122 13 0.38868212909763167 0.3605260804483432 0.3462314600593447 8.087488442659378 1.3013986450590747
123 5 0.35468348384084325 0.6529044254392198 0.6714150909630241 2.303981751203537 1.3660549946038942
124 5 0.40005292932139525 0.43809750346764426 0.43520758900083867 1.471362441778183 1.1816970669481561
125 10 0.4698513189025673 0.4325868935347029 0.4301164853770946 4.708968222141266 1.1845029933910425
126 12 0.4625879009338982 0.7241079400650382 0.7097743597100016 4.3113212287425995 1.1495037204332645
127 10 0.5182413670445928 0.5850607681519869 0.5913999951230214 4.184920907020569 1.216224704145273
128 11 0.5646605935932444 0.461056588696397 0.4605649867015022 5.63824599981308 1.132696451738101
129 5 0.6286446327344546 0.5975728784583589 0.6049256060374428 2.6428219974040985 1.3030755120268784
130 13 0.8514629180324759 0.3283194534470186 0.30813305990080997 5.826082646846771 1.1627543251966843
131 7 0.3196535061964597 0.42532058757042 0.4214078041685878 3.072432726621628 1.0137342207656919
132 19 0.6233903438121715 0.38739708520163824 0.3842663550991143 8.538482993841171 1.1388496494544655
133 5 0.3712099611740454 0.5094573546309392 0.5089335094228858 2.5162098109722137 1.1413821034161264
134 7 0.38183600843084764 0.5310889748006968 0.5328104225651186 4.472010374069214 1.1645989250734963
135 10 0.6151880689094092 0.4978462966197727 0.49854621363989693 4.5537764728069305 1.1539133351054245
136 2 0.48513169296411784 0.5050951424660918 0.5061885930022566 0.6059464812278748 1.4142389021776223
137 15 0.5336702484098071 0.30288917573619045 0.2802002370293245 6.378052830696106 1.310135736650487
138 5 0.4888815556621426 0.6161498250759532 0.6250560199068113 2.564206063747406 1.2803347895847341
139 15 0.5535938235952702 0.45242088327729935 0.4510540003434215 7.530219465494156 0.987507804016025
140 13 0.38559414125191915 0.4811570316134112 0.4844458406749393 8.124597877264023 1.1218820391749316
141 12 0.5432656770918789 0.6350746756575948 0.6620083246760808 4.848473429679871 1.1987648697185902
142 4 0.3429772828611183 0.3440531201240845 0.32282496072885597 1.3213983178138733 1.098172267159809
143 7 0.6278879714049888 0.5350966302694866 0.536411117331889 2.603168308734894 1.1509975793977092
144 0 0.39408628665742085 0.6256442219721665 0.6493148511040799 0.0 1.151642216244158
145 7 0.4944201993016116 0.5068706315744337 0.507950775935577 3.6214710474014282 1.275086067418334
146 5 0.7099221893818659 0.5737604572691833 0.5731030556587144 2.4283273220062256 1.3378925880633368
147 4 0.5696278496039135 0.5230569885857053 0.5234457489405948 2.607595682144165 0.9667320609503226
148 6 0.4461635906750531 0.515809413657531 0.5137739149316969 4.448483169078827 1.496299113965025
149 9 0.5961110169791397 0.37610790684606515 0.3682141018387226 6.267100661993027 1.118686855831851
150 10 0.6667531678369331 0.46978776393370025 0.4653716955773498 4.5611448884010315 1.4776429779381937
151 1 0.6292261906701189 0.47904701042938236 0.48247647988932946 0.8865870237350464 1.255234540537136
152 4 0.5626698740172321 0.418057260119334 0.4122718761253912 1.3395199179649353 1.1566386124253902
153 6 0.7238696118423215 0.5034082971397867 0.5042403930133017 2.666321784257889 1.2900421911307745
154 7 0.5283612410062789 0.3318505686123937 0.32001734976450685 4.020900726318359 1.169368548127885
155 9 0.525076547613908 0.4098941599722268 0.4061655872329824 4.635458827018738 1.1491234995386972
156 6 0.5413301824121839 0.45967146448713897 0.45996433666259223 3.0915100276470184 1.156171225795619
157 5 0.4029031659584056 0.5919505026615495 0.5985462268650534 2.6968955397605896 1.0744853253762203
158 4 0.5077486130841089 0.480907737562293 0.4839654789817798 2.00874724984169 1.1907617024104815
159 11 0.5028840764883798 0.36818676304778 0.3577231508364037 6.937341719865799 1.3617688922564093
160 8 0.3174973909783638 0.40108431403301237 0.3997558238579488 3.5929513573646545 1.238785372380569
161 16 0.5315634806101696 0.3814921012974727 0.3776286479993032 7.171538770198822 1.2810633537186213
162 13 0.6332774303697121 0.6124493902086243 0.6197645814211146 6.718395322561264 1.256812949666995
163 13 0.5440465247947622 0.5835268925715126 0.5897725468772426 6.7593682408332825 1.044110883866511
164 16 0.40529324700976826 0.20335176326169463 0.22875233472863982 7.098696529865265 1.0652482570409392
165 7 0.49870888052029405 0.5939927196016296 0.6000167580398396 3.878443270921707 1.289121364020065
166 12 0.5043090477521188 0.48340784945704285 0.48843197529716254 7.047545701265335 1.2006967679615472
167 19 0.4349411902456051 0.37956649271101095 0.37472775580270046 9.477275907993317 1.2593087734833237
168 8 0.33828351464265094 0.2730570380520029 0.26469424165097744 4.775944739580154 1.1602799037433913
169 9 0.5736428714611668 0.5180491687999842 0.5156681891986962 4.031137228012085 1.1283252908386057
170 13 0.39464511257531565 0.36478429038452564 0.3523147678632544 6.382222682237625 1.255751245663723
171 8 0.6216471777840284 0.5510159716907612 0.5495181446783789 3.891449898481369 1.1889035944653235
172 16 0.47719526160627385 0.6604064480361149 0.6843925098504753 7.1781898736953735 1.246698468045893
173 7 0.46929756581778187 0.5700877220009671 0.571784728241341 2.32721409201622 1.2612529109501127
174 7 0.5443930970458142 0.3763536025827679 0.369227066375456 3.505788117647171 1.2977558484495444
175 13 0.28405809173107416 0.5395615928918172 0.5385189697052586 7.935954064130783 1.2078903340945335
176 15 0.4550580977751224 0.49411745588140693 0.49576965892335884 7.3968513906002045 1.2755680864843524
177 11 0.5380259202235205 0.4563371354658996 0.4563909073834802 6.031048208475113 1.233272637748179
178 10 0.533826770556094 0.2922431086777 0.27371790885033476 6.402870237827301 1.1127693925294149
179 12 0.4452409963598335 0.5178730038029029 0.5154781721826872 5.567003399133682 1.2852820738084287
180 6 0.5497751716138832 0.46087776551363857 0.46020663008117974 2.831832766532898 1.3848513125643342
181 14 0.5349572698681974 0.48062432136660865 0.4838572438574333 6.572362989187241 1.1973809876745638
182 11 0.5752043992658581 0.617361574727412 0.6310441082670025 4.921046435832977 1.0839097611123019
183 4 0.411924885406311 0.4709913399356057 0.46696633373802443 1.6130890548229218 1.290638469863113
184 1 0.4013264155734468 0.47750035192566725 0.47966901834151143 0.2778373956680298 1.082279161424299
185 6 0.334663250065392 0.3035751575060819 0.28465171943101936 2.4614210426807404 1.082769614032525
186 7 0.6138711443370937 0.49511703208731916 0.4958652629441801 2.685293585062027 1.1410470191342736
187 5 0.3572928288116154 0.36715506884525584 0.3560584400744815 2.075897067785263 1.2302178254296567
188 13 0.38280934018159024 0.5510836400772261 0.5497328351265875 5.963407129049301 1.3367856552589155
189 17 0.3804258312671833 0.3896408036211608 0.38563106650167867 8.981258034706116 1.2172754508214378
190 12 0.5012190769769427 0.7982030162157878 0.8004968617280357 6.8827526569366455 1.1162880325047861
191 13 0.35180976863083235 0.3995583272787079 0.392481637061455 7.146903336048126 1.1733380172345806
192 16 0.6928473853481372 0.4425214315838756 0.4401628039721449 7.577560395002365 1.1109606920279025
193 11 0.5383071503148549 0.5255200208899553 0.5248844477412475 5.32243013381958 1.3702767687812352
194 1 0.5686569402675166 0.42167035122692853 0.4200600527637125 0.251677930355072 1.3490276598721749
195 2 0.7256639033045993 0.48186501365579515 0.48559964057733634 0.959394097328186 1.1139388675438242
196 10 0.420125882092897 0.34868081091495984 0.32790008041291496 5.354860484600067 1.0795431766761754
197 12 0.5568874597594827 0.41373817990801315 0.4098920340214357 5.254219979047775 1.3283817345694942
198 5 0.42762758763827574 0.4462887101392552 0.4458666464673928 2.329360991716385 1.1803164177370862
199 9 0.36841757097897637 0.5564192234552667 0.557420376183838 4.9556509256362915 1.1920705227028705
200 11 0.5208953111871715 0.4265386180442387 0.4247728327388718 4.436724364757538 1.3284950971839444
201 18 0.6115704837715294 0.47447430390019046 0.47358766129261254 7.888496220111847 1.082152857158803
202 3 0.5108612557152228 0.6894301767174186 0.7046412161915396 1.3964456617832184 1.1929195697779649
203 6 0.435652960239434 0.5687739410006576 0.5709279266531025 2.889478385448456 1.0964393796614844
204 6 0.44091856258813567 0.5097626717210341 0.5102988002196277 2.9052318334579468 1.272814692977449
205 8 0.4688789217798624 0.399817040049886 0.39808011339263616 5.533398985862732 1.080458850710929
206 8 0.3981399240357546 0.5781653741598367 0.5767401832147045 3.85268297791481 1.1603174884611869
207 4 0.4280841159311482 0.41230869973939926 0.4072458054349169 2.2990995049476624 1.368467560155197
208 12 0.573569628091605 0.5067970718190229 0.5078759195044894 5.845880746841431 1.0938176832268214
209 9 0.28685926773924875 0.6779309244510613 0.6932369685596307 5.173240602016449 1.2403045586898704
210 13 0.36315473913523755 0.5762123552301034 0.5739448749830898 5.623987257480621 1.2122342716520011
211 13 0.5870776003310764 0.46176833072869605 0.46146881771173787 7.874441385269165 1.3310785088689348
212 4 0.4527641062127404 0.582302816386576 0.5847228129651194 2.2339737117290497 1.202629180351755
213 13 0.559418302960712 0.4290649931521542 0.4275244089518772 5.85288405418396 1.2493636808375137
214 6 0.4341929204700772 0.5386654050869171 0.5384201532269872 2.6426048278808594 1.2774986605979572
215 7 0.49298659374393955 0.4871458081311051 0.4904679115996977 3.558813661336899 1.1609162382027696
216 13 0.457769753880583 0.4345323890440323 0.4335158387940358 6.26135516166687 1.267385056462044
217 4 0.48813380332249234 0.6382017777286203 0.6634297905253057 2.221444994211197 1.2251649802670375
218 1 0.43365456855790596 0.4197906942164775 0.4153008200189706 0.2632179856300354 1.2350506475893908
219 14 0.42152885604576995 0.584487374050435 0.5905909954547832 5.256272196769714 1.126361413689381
220 17 0.41842871778390794 0.38256484309520666 0.37890762957867924 8.19286972284317 1.3752251309538797
221 8 0.5567823642325809 0.5325030155985119 0.5331173603253726 4.6116600930690765 0.9865016478523773
222 13 0.7470879893450129 0.4901850057679164 0.4930395292248539 5.602348655462265 1.113769398592894
223 10 0.6215935998260328 0.3088230847346882 0.28839491766349934 4.318235069513321 1.1712861993500536
224 7 0.5331899926651431 0.5649982432086081 0.5672318502208373 2.8255540132522583 1.1152605067711314
225 11 0.40602396862888823 0.4825237990029024 0.4864270210819521 5.360213041305542 1.0627718239957462
226 12 0.6000960818431964 0.4441282667915923 0.4428767243033577 5.309253752231598 1.2882344535300008
227 11 0.44911200417258534 0.46553763492851 0.46325423246749026 4.6618218421936035 1.0716055735666272
228 16 0.2950759615186668 0.4667544370588778 0.4634877739765989 7.425980448722839 1.0013814115143345
229 5 0.608472727466221 0.5530221069651758 0.5528204931939266 1.857405960559845 1.3637372245930535
230 10 0.5886569017786794 0.458396658427041 0.4581384185113511 5.338365077972412 0.9988095922113792
231 4 0.4144362059414484 0.5623067695094223 0.5623442595510582 2.7064008116722107 1.311170891634856
232 8 0.3405012937269564 0.39984203354999165 0.39820993871583354 4.2435415387153625 1.359224176903569
233 15 0.3884834258850086 0.3592458111743772 0.34094631065508885 7.730805486440659 1.2883810994279319
234 2 0.38830807564865755 0.5155046526094523 0.5135739595118077 0.8067174851894379 1.138549435751805
235 5 0.5144836870947214 0.6212216108640541 0.6358189357202205 2.4688160121440887 1.1427535280881413
236 5 0.5426431229370142 0.6478230674927049 0.6651438326301679 3.110318899154663 1.230057288517626
237 4 0.34284058277734886 0.529021956690129 0.529881495691354 1.6273446679115295 1.3897588418109856
238 17 0.4927813067248363 0.4068887774140388 0.40429194859237116 8.381809830665588 1.2210125895291875
239 7 0.4910993353242493 0.3846228935854257 0.3790639029065298 3.2859601080417633 1.248500484890707
240 7 0.4416878007959077 0.6015072789847169 0.6088922114553478 3.190206468105316 1.2942412868857733
241 4 0.5462253931903572 0.512334405949754 0.5111817227887948 1.47108992934227 1.1095793677312202
242 4 0.5312793264923868 0.6250755414833 0.648874694409456 1.5331882238388062 1.3969876678512998
243 4 0.5382692991547355 0.7885622156611354 0.7525164720779793 2.7155622243881226 1.0727401206723481
244 6 0.5645835056564251 0.40083086706889437 0.39920812860749705 3.4596070647239685 1.26594814502755
245 7 0.6640860023917923 0.5248405613366963 0.5247250492779826 3.095245122909546 1.1638510158609447
246 5 0.6595517647876534 0.350897470319799 0.3293078171609428 2.5811010897159576 1.1222142478603752
247 17 0.521402516087766 0.49850903406266417 0.4989462020170751 9.114441454410553 1.2478708465122776
248 21 0.5083392618907082 0.3851201586007469 0.3827638710514504 9.08355313539505 1.165523728217462
249 9 0.44878660907173695 0.483680354932969 0.48881489951151313 3.598508894443512 1.2799526376008663
250 5 0.5633907911279156 0.3251818608401263 0.30285878740869643 2.5353330969810486 1.2053833445781141
251 10 0.7168747915351324 0.4060757655789461 0.40303458945498577 3.6395759880542755 1.2264524001959598
252 7 0.5157452120060153 0.6519968845268608 0.6694629966289523 3.4274914860725403 1.1247150000636794
253 15 0.5445343123261112 0.5424384757173382 0.5429656807674472 6.404149085283279 1.2363167415484169
254 8 0.49294328010405497 0.47571035089284164 0.4754671536879737 4.034966289997101 1.4683767453144982
255 18 0.6546412915240467 0.6333462545735267 0.6604044433979392 8.298472881317139 1.1788834466330491
256 3 0.5569766810402446 0.5823695069744932 0.5869284259369189 1.1823574900627136 1.3185557168477273
257 4 0.5486072552994533 0.36976243283742116 0.3579315984683501 1.5676711797714233 1.259280294406122
258 9 0.6432527957340446 0.5466223655501925 0.5458551565598374 4.545307993888855 1.201142644318954
259 12 0.3003053749714626 0.5724326421613193 0.5721857189422734 4.285754233598709 1.057594849842019
260 13 0.4464004510059666 0.44906828903478113 0.44867482207275083 6.059623122215271 1.1048858462489406
261 16 0.3873176258612724 0.575818927343656 0.573773812019753 7.999110013246536 1.0817220416437079
262 13 0.4896682825061369 0.38176178908423264 0.3782022487398415 7.362036794424057 1.323454040120747
263 7 0.5059294559734826 0.455131098858517 0.45277968160697957 3.18048295378685 1.0325713450403675
264 6 0.6735762578497707 0.4566702350264049 0.45720231404917594 2.882952004671097 1.3609418610576203
265 12 0.4983697282812578 0.44860744518607243 0.44835680292865665 5.2913878262043 1.1718343870300043
266 5 0.6902394191613306 0.4325191710176274 0.42871610957183437 2.767908960580826 1.159474610720599
267 10 0.41994493408556594 0.5756946175258437 0.5735409015753333 6.530513405799866 1.3460857152793628
268 7 0.4489287418400541 0.6526779651598064 0.6698865182314095 4.307343900203705 1.3418182599238977
269 8 0.5172711307136725 0.46485497197427655 0.4627466321159116 3.0445049703121185 1.3258907621069012
270 7 0.2995611229890949 0.4657141577801527 0.4633527556837681 4.0039606392383575 1.3392870849543483
271 5 0.46740412587947106 0.4014207756775731 0.400330167616228 2.6683031022548676 1.1277204613013083
272 2 0.4504999582052279 0.5395668694418498 0.5394281064831007 1.3568955063819885 1.265334714015034
273 5 0.3548086159277748 0.3716462974028927 0.35907639440362804 1.747079998254776 1.2403888155498854
274 10 0.483477158858305 0.48327961741439474 0.48774244458633753 5.167338639497757 1.2548727070113868
275 5 0.5235643369038531 0.4074204159014377 0.40530557923624994 2.278884917497635 1.3235963475272734
276 5 0.6176829230232921 0.5624589455871489 0.5624538789481938 3.0290929973125458 1.443887591205593
277 12 0.39070351392585917 0.555706682362154 0.5561151906586458 8.205481946468353 1.1997366421699664
278 4 0.3584474526777879 0.6059224114783163 0.6141700071504079 1.5296193659305573 1.2859488131905952
279 12 0.45662359618641113 0.49317048034482275 0.4957482658116137 6.085400551557541 1.236929276816001
280 6 0.5383380868433396 0.40569690422980353 0.4024933116979905 2.836427479982376 1.0994965209189798
281 6 0.5863949563237143 0.5814100157266823 0.5842377378944554 2.4909308552742004 1.36219678516496
282 8 0.4709224458821148 0.5379597531187295 0.5379221754731423 4.243565529584885 1.1660776561136417
283 3 0.3111258271371461 0.6693167763065964 0.6885966235839445 0.9192606806755066 1.2169415015979197
284 9 0.5630181906249639 0.534348321834644 0.5355392145076618 3.741946667432785 1.295618150270203
285 1 0.41882315190486563 0.5395667470631071 0.5386964164610812 0.25024959444999695 1.2609151583297324
286 9 0.5909117815776399 0.3128584440954058 0.29617117916999874 4.644941508769989 1.4586284651632773
287 4 0.5686213515934033 0.37582732682301817 0.3668594938500235 1.4878627061843872 1.2127800462808191
288 4 0.49181910332920004 0.5363658664323719 0.5365181493603138 1.647951453924179 1.0981344632383845
289 13 0.5175725394158917 0.3807323945962245 0.3758380818467981 7.49039500951767 1.2441523623505057
290 10 0.4875180540452778 0.5431817884036677 0.5446135529321808 4.667465627193451 1.2199060104861639
291 20 0.5158203919035111 0.3931442369285595 0.389740464624226 10.670488774776459 1.3593185738905078
292 22 0.5980748378746845 0.6004068813754906 0.607815721460688 11.146536141633987 1.3029266048034114
293 9 0.5237007534965812 0.592457658407887 0.599679118806153 5.013394504785538 1.162543147862488
294 9 0.48711568749957673 0.43121914346840473 0.42845184382889534 5.013394504785538 1.2439567641434486
295 10 0.45439421285774845 0.6077993712230952 0.6153306547328116 4.654171168804169 1.2058932633193689
296 3 0.47878860483654817 0.44994156263790713 0.4494507009041199 1.142542541027069 1.2851607883053853
297 9 0.6470476032451621 0.3913040202673041 0.3887265170498483 5.454009383916855 1.2849076670193469
298 9 0.2791714251657402 0.5058210496899725 0.5062976276927815 3.878365397453308 1.4056527524846696
299 14 0.33596886335730214 0.43824228953837974 0.43743817186469486 5.776322215795517 1.3293092650058855
300 0 0.5223376845580378 0.46120259294724336 0.46064636237942724 0.0 1.1853257023865014
301 4 0.3309001397192603 0.19943151504401957 0.22011959827033484 2.1192488074302673 1.0932718074018937
302 13 0.5842837131866185 0.5404454216221911 0.5408329958957276 6.428160160779953 1.3076554479368938
303 19 0.5312482639162206 0.6212307138667005 0.6373310291313318 10.669434577226639 1.2594647575297473
304 16 0.46595784316150934 0.47446560814737754 0.47267660413497936 10.122023284435272 1.1682196715045445
305 10 0.4700027424068044 0.550085742855116 0.5489527450055751 3.8323487639427185 1.1618752291898489
306 13 0.4811074273474925 0.5180185082041765 0.5155199156277139 6.168796002864838 0.9341420468850385
307 12 0.5236028584534652 0.6798072775721318 0.6963867122547123 5.341603517532349 1.2153539884716238
308 9 0.4542177234301607 0.44609821250868 0.44560110448294127 4.0370782017707825 1.086806963612633
309 8 0.5039337796899045 0.3913252808994027 0.38875452380146447 3.060923457145691 1.2922610533296486
310 12 0.2920338766975156 0.475764478090168 0.4767744085682969 6.924901455640793 1.133791934353762
311 11 0.4853300425277886 0.5513986374662312 0.5497913398166591 5.294130712747574 1.1045742344857647
312 11 0.4814613071251835 0.48766464268965004 0.4910989724829697 6.620235741138458 1.2770050554969294
313 5 0.4808112247933669 0.6476098793253038 0.6651024725797876 2.8184586465358734 1.1142949609900759
314 14 0.5375809224999029 0.5087945084728583 0.5086196763616796 5.9754535257816315 1.289028861475002
315 4 0.670590689860552 0.48757699107418695 0.4907045919059784 1.1725506484508514 1.1679049692963386
316 11 0.519643982161182 0.6182034588490541 0.6350752919124762 5.671316176652908 1.3708573089261662
317 5 0.33030792785999674 0.3303119049679688 0.3168505737415822 2.650807172060013 1.3201474780028528
318 7 0.5662907341834835 0.4558314711509998 0.4561379447786679 3.6498914659023285 1.1075668898721653
319 9 0.5619010186909257 0.5944963794603801 0.6001326817043791 4.597363710403442 1.302966783279953
320 11 0.6595907232323873 0.604170782873135 0.613163604796073 5.163957923650742 1.1077666808652074
321 1 0.6641097941375729 0.3554487101465993 0.33907500082010433 0.45217546820640564 1.2239545267790881
322 5 0.5954065202956085 0.5645756106988195 0.5667347414209221 1.969138652086258 1.3742164212983954
323 8 0.43599741488304883 0.5016504031535951 0.5018493395442734 4.26081508398056 1.1928560065688512
324 6 0.6420915047105789 0.6013605101657938 0.6087192146863655 2.9754802882671356 1.3022580047627008
325 11 0.5897937269169842 0.5463270842246337 0.5457382170314379 6.344977885484695 1.085558390846209
326 3 0.4064254841553263 0.5995253641345675 0.6070746237336297 1.1147063970565796 1.1756069403213392
327 13 0.4433018762979808 0.6278636345652053 0.6591502244619065 8.639125883579254 1.0950775112364108
328 8 0.5744568842733824 0.49293327477771753 0.4936856845917001 4.341897010803223 1.1594069971658967
329 4 0.7153184618829277 0.6316281314722909 0.6600705693249918 1.3688309788703918 1.050176147865574
330 8 0.6033761048771953 0.6173535475047425 0.6281113872410764 2.726905196905136 1.2316042915295555
331 19 0.4886937627021033 0.3240541961114038 0.3009104562555913 7.638776570558548 1.205260465428554
332 15 0.6784960146833612 0.47800990527770393 0.48036593017433377 6.817899107933044 1.140201717014454
333 1 0.4105993540960201 0.5804352763100281 0.5814192834227353 0.31575047969818115 1.2723147394925247
334 6 0.4010990411108892 0.4883353067988666 0.491263713463668 2.4752264320850372 1.049065710631032
335 6 0.4212462403051104 0.5218200138969669 0.5219129661618509 4.0431132316589355 1.2589997471342378
336 0 0.35004561044554655 0.49921338249673425 0.5005296830625672 0.0 1.040703722596804
337 3 0.42773537074470663 0.47567566127022953 0.4754407917246299 1.2393229007720947 1.2715022340206146
338 5 0.5315084323619076 0.3797247357343182 0.3748985463728879 2.6713069081306458 1.2658316990877634
339 21 0.628520110829928 0.4789325081814502 0.4823356222738183 9.357117980718613 1.2609603339647846
340 4 0.7030798947441773 0.5401840481553941 0.5402876301450755 1.4276386499404907 1.1652774218817281
341 8 0.5364776907530082 0.4885968763333173 0.49215307276028525 5.608133167028427 1.0815605465318132
342 12 0.38088134092014786 0.33920292373752786 0.3224146744348859 5.972076594829559 1.167207933136133
343 9 0.4457894995901147 0.49582264627522843 0.49614861728501214 5.664835691452026 1.0717395596971138
344 9 0.4542495701242283 0.5046882472978583 0.5061017027899625 5.098168820142746 1.0471767016851423
345 8 0.333523897292646 0.5544347627079778 0.5543308622519537 4.609999120235443 1.1547096582050385
346 7 0.5127872111159694 0.5019872977090966 0.5019664671061163 3.1842633187770844 1.3217443598731924
347 2 0.5786804781892517 0.5044194391731803 0.505947009094941 0.6563400030136108 1.2092703705382604
348 4 0.679198434357128 0.5218765945391522 0.523219580507102 1.6569093465805054 1.2767914040748254
349 13 0.6063573561169572 0.5658174015332416 0.5691108849476406 7.712543308734894 1.320547385521422
350 14 0.5336595111151842 0.5675636492742335 0.5697033933982177 8.124509274959564 1.16643846934158
351 6 0.5203280039180733 0.43086213318333905 0.4278281881812802 3.032423436641693 1.3489997125750264
352 10 0.5016958852555897 0.44528461208620296 0.4444297164814043 5.619566351175308 1.192418726820904
353 10 0.6228811666688459 0.35164735611218645 0.330790058035672 4.238024890422821 1.352096966378152
354 13 0.5841037446712779 0.5744576147122507 0.5733789802498711 6.306400686502457 1.0980370882318438
355 6 0.3174806856060527 0.3641424723116243 0.3513558681505969 4.588411509990692 1.551131452970531
356 9 0.4417631423232543 0.5177894423459659 0.5152542124372168 4.387330710887909 1.2644581700128383
357 10 0.5972437743819571 0.3958115257414109 0.39024515818107686 4.185368627309799 1.1372282261136684
358 12 0.47471006872580895 0.48233658247235234 0.48626027463113825 7.654250264167786 1.0653931168622681
359 1 0.45320433310846375 0.5549421737877804 0.555131808328995 0.2783168852329254 1.2051110063299884
360 4 0.5539788302724445 0.53322093393773 0.5332510509933653 1.707370012998581 1.2429519533397808
361 2 0.3873704629232754 0.5001052791110611 0.5016531677853406 0.6432234048843384 1.0118239207797375
362 12 0.5447211805262608 0.4754870538415763 0.4750649816751785 6.766073226928711 1.3119461348674364
363 15 0.38696761575340854 0.5036396407128478 0.5045272165243511 8.09353706240654 1.072916482586819
364 7 0.47000542012385854 0.49585009914611955 0.4965177767952876 4.095395714044571 1.0599399132675436
365 15 0.7411220322723346 0.23073318323488695 0.24544863104652764 7.181536227464676 1.344357127953669
366 6 0.519321097359973 0.38830673580921193 0.384945368724097 2.40001779794693 1.21533279638606
367 15 0.5312714846585547 0.4473664452010244 0.44669435127015195 6.525102436542511 1.170379296055553
368 4 0.6193653456007214 0.5227395506102738 0.5233981656197189 1.1592035293579102 1.011993161202568
369 1 0.6750042333564992 0.5888484280608214 0.5935718806274972 0.49570977687835693 1.4560593945390559
370 18 0.4222145334029113 0.44293878343872406 0.4404542854839504 7.458471357822418 1.30513093855198
371 8 0.5906386558080595 0.667737795919943 0.6878338182707224 5.345939368009567 1.2662269056208715
372 2 0.4967555122128526 0.5900279969944013 0.5955064588442057 0.7302985787391663 1.222742682870969
373 8 0.5418801141436793 0.5988025656317268 0.6057931149360671 2.6311956346035004 1.2393316508635364
374 6 0.6605490870900771 0.35947717790284006 0.34150536063979886 2.180530160665512 1.2160937599447221
375 17 0.25771116516190523 0.5618514743177243 0.5603329056597096 7.213318020105362 1.1576889234925283
376 8 0.4466679750913046 0.5812525608928897 0.5828352579943955 3.7236785292625427 1.113109137019437
377 16 0.6159817196833032 0.6078185472614454 0.61537125538769 7.837487310171127 1.30639858229724
378 5 0.48383605617653774 0.5295907177464811 0.5316307451502336 3.027572512626648 1.222205594230372
379 10 0.5487806254190195 0.46981328162666325 0.4659394235517897 4.845854312181473 1.1812876507038952
380 5 0.49441252920432005 0.37533292565963144 0.3663364432119219 2.2606294453144073 1.2516733187880944
381 11 0.6063195464004971 0.49861174914557976 0.5003195915070113 6.163542747497559 1.0253500106193254
382 11 0.41667473161702917 0.6273244709121024 0.6534670957190482 4.208248555660248 1.3965981509442817
383 5 0.5983999363497657 0.7318078598550695 0.7132874608383233 2.2020745873451233 1.125375919177435
384 16 0.5747025194346804 0.41932813395683977 0.41302767296150406 8.582709163427353 1.116144483945086
385 16 0.4483098242552972 0.42709288912819743 0.4248681314127598 6.146547079086304 1.0924496919202094
386 10 0.5427356088016068 0.5018028992039842 0.5018932802217191 3.85967481136322 1.0298383885532871
387 11 0.5520754083205718 0.4723128491925935 0.46822745801667964 5.9739775359630585 0.9852635256253486
388 13 0.5993236294999578 0.6858675190523176 0.6989559995332559 6.906353175640106 1.2029552664931005
389 12 0.6431965924860479 0.5203229270269865 0.5187086042439834 5.156092584133148 1.2276094906730979
390 6 0.4369794217645834 0.4290068210235834 0.42548848539166056 4.0049751698970795 0.9845706760327599
391 9 0.5603263898789194 0.5575384947180816 0.5581284556354797 4.196406126022339 1.2190491845914193
392 8 0.2878664908876175 0.5430864763944236 0.5444070219801376 3.465966582298279 1.1464000717058311
393 8 0.38176678454346313 0.5248389658790199 0.524668343616267 3.6116433143615723 1.0738315252790036
394 5 0.5037916588476488 0.5471885365512477 0.5465150142741161 1.7989785373210907 1.2458427112701487
395 15 0.31635857787787586 0.45529573020309744 0.45318776138776334 6.348226934671402 1.3093265195034103
396 7 0.48049505418264055 0.4931629932174891 0.49480949839181687 3.51645964384079 1.2028694836614657
397 6 0.47356807587950484 0.557988410833885 0.5583519569213347 2.1740230321884155 1.2505750473520798
398 8 0.46959098160617657 0.527483650496576 0.5272488929279389 4.180701643228531 1.220553197825145
399 9 0.39659689656885627 0.5923985450475758 0.5991918739271774 4.187471896409988 1.2348479460830417
400 10 0.4840614633196014 0.5201308504609263 0.5181613281468167 3.856562316417694 1.242445998099377
401 6 0.372147297913907 0.5909890558379614 0.5972142536706551 3.401643395423889 1.2670819454735192
402 18 0.4398988414599541 0.6548813503441148 0.6753312975627201 8.722493380308151 1.237116331062615
403 13 0.6463424685511189 0.40338169460569584 0.40046092907881975 7.561301946640015 1.273809410146869
404 11 0.6403255415704953 0.5290181842407309 0.5287198179022906 4.002512127161026 1.2789355611680995
405 4 0.5200812073168821 0.5347837845831198 0.5358832917965458 3.211074411869049 1.1664193527684894
406 3 0.5573659539621838 0.5066878025470015 0.5069455390951416 1.2687197625637054 1.223643749060168
407 10 0.5409670156818109 0.29554213114858807 0.2753177067273393 5.771863579750061 1.1461661814410717
408 8 0.6028584656954564 0.4927967394768721 0.49353708157489884 4.265583008527756 1.3202795173956505
409 10 0.7689505796864355 0.4767976902359557 0.4772592888539272 4.397365510463715 0.9904097949498291
410 10 0.5639588949872174 0.530919337210569 0.5323393170524868 6.119066536426544 1.0907314756157724
411 7 0.4962633605481374 0.474348281750257 0.4726253213548702 3.3281044363975525 1.1264675018368657
412 3 0.6089247044639814 0.46462720403341234 0.46268676862046404 1.2287973761558533 1.3805570051781624
413 11 0.5940099530318013 0.5557879872632955 0.556431686671172 5.191459745168686 1.019919485596347
414 5 0.4345273356683773 0.44520331894857423 0.4438450686079485 2.1852717101573944 0.9842767440466866
415 7 0.34041205081019366 0.32915204423148015 0.31438843140096484 2.984134256839752 1.2231111432020505
416 11 0.39922346847604173 0.4673161143635746 0.463672473305596 5.695427477359772 1.2964434407701912
417 14 0.6865534567019844 0.5011380771889742 0.5018280525487455 5.590769290924072 1.1891655097828737
418 4 0.48730229237957506 0.5624679208490709 0.5630112017582982 1.942819207906723 1.2694693797853975
419 3 0.44153170733311303 0.47296152230178623 0.4697582561369869 1.6130059957504272 1.1985057801180379
420 10 0.3922632771962415 0.636651722230011 0.6621062860821779 5.169436991214752 1.3730437189455653
421 13 0.532989850327543 0.4325515214280269 0.42895055047164937 5.215933859348297 1.256177714434977
422 13 0.5371621257147501 0.4288707361476557 0.42511487064692094 6.194869220256805 1.3942521363268083
423 11 0.4088722872851453 0.4434993526766354 0.44136227615739104 5.7179239094257355 1.358321602159439
424 18 0.4834307789686944 0.4227064848182316 0.4205472682476978 7.389956682920456 1.312575982264442
425 3 0.45585368326022513 0.6618306768919706 0.6858868377588063 1.3355319797992706 1.1706078551883488
426 15 0.2806044007122195 0.4384666588919122 0.43764312667986116 6.935806930065155 1.2420792757440384
427 3 0.7365517603229309 0.5466968158410576 0.5460490877104547 1.3662523329257965 1.2496453998400334
428 7 0.3635441893144915 0.5527680456656844 0.5528144870118393 3.33548966050148 1.2931299103536245
429 8 0.4433094647111997 0.6754112509119121 0.6927722842928858 4.448322057723999 1.2584579552873678
430 4 0.5992241485656724 0.43821472583287097 0.4359167609681597 1.6231341660022736 1.1434453729878014
431 2 0.47800053204229725 0.320956367183577 0.29792721955556656 0.9813566207885742 1.3264404132227074
432 1 0.521120192957142 0.41292949005573915 0.4085002691469752 0.43796488642692566 1.149727061513978
433 8 0.36613572849179216 0.7492568943153084 0.7205233277581223 3.493494987487793 1.1017714333197492
434 10 0.38245403375622367 0.47556796492616216 0.47539368738905785 3.916498363018036 1.1979369469898966
435 18 0.40067830859040465 0.4384994809921525 0.438300789561588 8.085398733615875 1.263319561350354
436 5 0.4082218781657788 0.6256875784471132 0.6509217438888969 2.44883069396019 1.439059307294052
437 17 0.5023174210120714 0.3380882107600129 0.32192335990974985 8.615189790725708 1.2910920572553926
438 3 0.5931458595892595 0.5599792150542588 0.5601308175463562 0.9839459955692291 1.2014089294398336
439 21 0.6449515690343542 0.40786781403764455 0.40549534759540906 10.231725335121155 1.090653012721073
440 2 0.37416223579698066 0.5594167183152431 0.5585978072544712 0.5795986652374268 1.2753183207991738
441 1 0.5595365615942539 0.6206216578228041 0.6351356324434926 0.3281572461128235 1.0687020203545796
442 1 0.469813331177363 0.4518291102020207 0.4509255568804167 0.2751888036727905 1.2216887927577094
443 18 0.48127050329773324 0.5191809969129487 0.5173787656899971 8.888226062059402 1.1640527500511
444 6 0.5666192597196039 0.4556143975718604 0.4537458766916319 2.0918429791927338 1.188517317006848
445 7 0.3316149920234258 0.3540516175178402 0.33744922690032086 5.145997405052185 1.1515033848807876
446 9 0.5824962538339203 0.35990940775749947 0.3445313303034477 4.287353485822678 1.2508845290110289
447 5 0.42871221253731195 0.5968775357106637 0.6027917495213171 2.0334586203098297 1.2140712373666078
448 5 0.3615135406986616 0.48668221394129296 0.49034926291159214 2.9595175087451935 1.111111452478213
449 8 0.5021029035122478 0.42376625924416045 0.4206085825820568 3.615786135196686 1.1324965488623127
450 5 0.5466053624603794 0.4744697516374892 0.4729919689452222 1.6045181453227997 1.156607895475988
451 10 0.4462383248373574 0.4931678788415567 0.4951642302150902 5.400211542844772 1.2395324984221312
452 20 0.3736159491845703 0.4551455220673891 0.4530484368868378 8.356827020645142 0.9949890154505393
453 3 0.5123799227331345 0.5153458262483621 0.5123508303912603 1.078790158033371 0.9832194173091295
454 11 0.3034111999639692 0.29614246965560187 0.27555011938226825 6.820311218500137 1.278366447488655
455 8 0.6056130156524315 0.33153750343467453 0.31834298091111146 3.475286990404129 1.1079888781648422
456 1 0.4336041860569261 0.5410646751160464 0.542547645775189 0.3989604413509369 1.2362671563967915
457 7 0.41036065058031074 0.6143791219569333 0.6239762930622854 2.5130187571048737 0.9763560498916231
458 9 0.4432280852064619 0.41272841145205136 0.40741707209992384 3.651131957769394 1.1828059294868636
459 4 0.3387951929830605 0.4616699741128625 0.4611383802470617 1.81190687417984 1.258562592565471
460 5 0.48605346476660244 0.46452013787448765 0.46234067945680674 2.1856003999710083 1.2882986755826638
461 4 0.5039379192532093 0.4446728557392202 0.44382470155467113 2.1990491151809692 1.1910755076159067
462 3 0.33061467537380496 0.43393766780649423 0.43232691737551904 0.881151556968689 1.0470617506436362
463 11 0.5204769746039042 0.4259446912295021 0.42458601767291043 5.317993998527527 1.14709494353179
464 8 0.6212679096568778 0.5899045829153051 0.5937699346804397 3.5925920009613037 1.1726550383551197
465 6 0.1186064625286512 0.5154773130206818 0.5125063760005694 2.3708845376968384 1.1795629610588556
466 3 0.564108485155459 0.5862319189296215 0.5917020638697374 1.5509746074676514 1.0752397917362952
467 4 0.45381816363771277 0.7151428847818484 0.708086861457285 1.5343522131443024 1.2129752819049062
468 16 0.3903348794751421 0.5622319371728619 0.5607842404817435 6.813123136758804 1.3294840489142696
469 1 0.5098883194836941 0.37288505104758546 0.36585967685678444 0.34948721528053284 1.2457098563647235
470 8 0.4960507210794053 0.5877785220502155 0.5935150138456065 3.3407610654830933 1.1708154757520393
471 15 0.4701675425451864 0.575288820962299 0.5734190159361912 6.898720800876617 1.3300488371633752
472 14 0.41535106242447706 0.4826379430814498 0.48649188545631034 5.923043787479401 1.1840273171032507
473 2 0.4665845258396831 0.48406232983412495 0.48938342966064347 0.9312947690486908 1.1682353614812813
474 9 0.6237239453423906 0.6035689688925393 0.6129729011095513 5.08964666724205 1.14039227390501
475 9 0.5205122852115468 0.6077837200838648 0.6151327019951274 4.034697085618973 1.4546568728356548
476 5 0.469209902681483 0.39059276274134014 0.3886257318909728 2.744631439447403 1.194046915077674
477 3 0.34995069355210384 0.4802090265110493 0.4827167419455599 1.6965771615505219 1.1313432788553366
478 6 0.674731088792277 0.5469479308320144 0.5462569521641878 3.2613396644592285 1.20084608981489
479 10 0.7732709452055958 0.4510197906057809 0.4507526276583087 4.451790481805801 1.2524142800443294
480 10 0.45016287339607963 0.43390938137610496 0.43131418799715604 5.1230378448963165 1.3632414015450907
481 9 0.4441977081353108 0.43702135756902283 0.43395690734144876 4.842364311218262 1.2164019852191124
482 5 0.5796339860857842 0.4815074620581341 0.48527641266549343 1.8579447269439697 1.1461737353851575
483 15 0.39758869704151956 0.4802428506785092 0.482828274902282 5.57896625995636 1.1723097818153345
484 4 0.5001755709795744 0.5622216636648097 0.5603717452002964 1.8086096942424774 1.1482582828395664
485 9 0.6071708248808901 0.3596045132714062 0.3443945264735674 4.2304967045784 1.1346145627862156
486 11 0.40400814117199335 0.5595959693869867 0.5588225576468577 5.403950542211533 1.4099292857504746
487 9 0.42211669821050624 0.3506052503503228 0.3291714572141551 3.763080209493637 1.1795624343649174
488 4 0.49117228312510186 0.5562413746384474 0.5566027998708476 2.455775946378708 1.2028970238057162
489 5 0.42586857683744495 0.42407119805451243 0.4210937393892426 1.8957193195819855 1.1785159553380742
490 15 0.41465421297613214 0.4695707431297425 0.46516349901443693 7.59017089009285 1.1065287056388575
491 18 0.4451478097856478 0.5456447171225814 0.5455727489074977 9.145668417215347 1.1013018582424805
492 15 0.4680825760010201 0.3971765115847151 0.3907386957474721 6.268625617027283 1.1490009941005448
493 7 0.5367007945025214 0.44601793064782524 0.44530145098709956 3.7158915400505066 1.2339045522050742
494 10 0.4056743638578922 0.44617324199861297 0.4456962558888217 6.038238674402237 1.2428009425198645
495 9 0.5145577932425592 0.34816990848339024 0.3237864055166235 3.9036804735660553 1.1815145197112737
496 2 0.6655626054918677 0.49246739344204193 0.4931794434764241 0.5467660427093506 1.2815844821852926
497 5 0.5161333302352883 0.4639317063508408 0.4616936596491545 3.159521847963333 1.3050231525985627
498 5 0.5363823867806806 0.40615474995575485 0.4041814635507454 3.159521847963333 1.3574149848727335
499 2 0.7452902541626769 0.3708026852123566 0.358923523740469 1.049019992351532 1.1305269485312002
500 5 0.5653897464396963 0.4374256710865988 0.4345169087583235 2.746923089027405 1.3893030854368589
501 16 0.5363307934349502 0.602263459114546 0.6092648946827548 6.574694991111755 1.2608506383231926
502 5 0.4279348358210791 0.46133854231948745 0.46072015080375583 2.2584025263786316 1.133743393733378
503 7 0.4689062491043382 0.5271997627562628 0.525491540480731 2.6359673142433167 1.037371680975397
504 8 0.4420108437626338 0.8111855635270184 0.824438391410417 4.1330263912677765 1.017605697862884
505 6 0.43693627085443315 0.47714822360500775 0.4775746085891119 2.752742826938629 1.2831736826090618
506 14 0.5881029126339552 0.5202738076146756 0.5183112165814637 5.940924286842346 1.3637895160652356
507 10 0.6633733022967288 0.5918296754902057 0.5985201731073972 3.8987855911254883 1.2426402421488456
508 3 0.42576746700848855 0.6256715716104461 0.6495905969858158 1.5507221221923828 1.078913361697635
509 9 0.4228296056681105 0.16457430570016163 0.1868221610345624 5.223814904689789 1.212039550106638
510 2 0.4963828710610268 0.4185837265457097 0.4127757781896632 0.7047357559204102 1.2712003575642727
511 4 0.5960654969574515 0.362236533620445 0.35114055587880566 1.631142795085907 1.050866921711637
512 7 0.38077860853057366 0.44214777908732705 0.43934754206980986 4.321334779262543 1.1869920907231528
513 5 0.6311781124308482 0.499668610752271 0.5012079270469193 1.9607449173927307 1.2230237609131167
514 3 0.4172360046382326 0.44843076853966346 0.4483496518304206 1.5602172911167145 1.16874746696198
515 5 0.4114654077313554 0.3582213643741301 0.339290643905678 3.073845475912094 1.2050560719879775
516 10 0.3635928213561995 0.6601204231093506 0.6841425991062382 5.100743621587753 1.1714750135951806
517 6 0.5532928613490948 0.2429942642774024 0.2491700767966975 2.185102343559265 1.099924517638947
518 9 0.4618028314932573 0.3763964402940498 0.3694897915379987 4.149998694658279 1.180557932465463
519 4 0.6984681805689197 0.4479477769727748 0.4472203629993571 1.9636152386665344 1.188009261162697
520 2 0.6401866496769806 0.43585508988006594 0.4335991001378281 1.04349485039711 1.1202536155772778
521 8 0.4652477584693732 0.44818907416145237 0.4476853864397955 3.411582350730896 1.2268333141185277
522 8 0.4040471632229762 0.42100210099027774 0.415834700185592 4.035488069057465 1.1996373740313642
523 3 0.3384476274809626 0.3071031111793893 0.2882029332011067 0.9559731483459473 1.22862513000867
524 5 0.4625715380165803 0.5537848270808655 0.5536887944178387 2.6301697492599487 1.243293366264975
525 8 0.6290822461881277 0.3299060572517311 0.3152499678595294 2.7970871031284332 1.0961269192688385
526 7 0.49834008709973393 0.5335454631342322 0.5342614930414379 3.109438955783844 1.0715812493084602
527 7 0.7415522153555085 0.660035631243393 0.6838494314021801 3.057260572910309 1.190556574544348
528 3 0.6948535845904604 0.3905796615112285 0.3869288032531905 1.1757316589355469 1.1477276301172568
529 11 0.3356794821535416 0.5692277117352527 0.5714929893495353 4.607842057943344 1.2274810914940246
530 8 0.3305916722067779 0.3811511681897185 0.37757201257516354 3.387616902589798 1.1772696993691032
531 5 0.3926670208145344 0.5518774171108864 0.5500106062901942 2.233363687992096 1.2357398393878047
532 2 0.3825402517179755 0.47064827776678125 0.4664545669646147 0.590565949678421 1.3137388807261137
533 4 0.35016370710939404 0.6536065792997346 0.6742132911471366 2.026480585336685 1.1748895692065773
534 7 0.4826034471157594 0.600883222178203 0.608491538765464 3.6326783895492554 1.3596366157197017
535 7 0.6367273146564882 0.7031220250112876 0.7075393732181762 3.781632214784622 1.3123826399745586
536 8 0.4351655074369104 0.40798888774756764 0.40569995979315426 4.670188456773758 1.2225314499856588
537 5 0.4340891939356861 0.48940411461743255 0.4924386536773594 1.7424392402172089 1.1022957313369162
538 2 0.6001350140210018 0.5791866086000984 0.5796887800974104 1.1878949999809265 1.2587948156723139
539 10 0.4519228415285516 0.5407929492448922 0.5412111706596862 6.530695348978043 1.1495359814050796
540 7 0.42632001326471003 0.5595985367242673 0.5594590837230619 2.7957451343536377 0.945311396717135
541 9 0.5662181366620758 0.5163221161532765 0.5141865146258653 4.627729415893555 1.1225756102308055
542 11 0.38201901082077816 0.595206600788251 0.6027497376254422 4.657301813364029 1.0669033622310002
543 11 0.5127523209753365 0.5283277473812343 0.5286601833643285 4.566833585500717 1.3753461890099958
544 10 0.5045016739340192 0.5946655887542581 0.6009969822820347 4.71721887588501 1.1748553865013838
545 7 0.4770045261875473 0.5210897812226322 0.5193857544401262 3.76620814204216 1.220990060661761
546 6 0.5108110178890389 0.47264413047526455 0.4690197248319101 3.066518008708954 1.1410604455730387
547 12 0.3970866674899698 0.7897052016951368 0.7607575114344547 6.085662811994553 1.252735658724622
548 11 0.6166802786519652 0.5549194990139223 0.5551273373210742 5.163614898920059 1.3438769017842749
549 9 0.5020282364577009 0.5626584843675599 0.5633481872286473 3.9648083448410034 1.1933812659093823
550 4 0.4996798526244051 0.42902918533604106 0.4269286551942341 1.8768008947372437 1.353418699086884
551 14 0.5347859415471754 0.5520006841969836 0.5505127361963602 6.612062036991119 1.2500033003357016
552 3 0.5712017865508754 0.4546618526060366 0.45253760270505805 1.2513681948184967 1.2081592590277392
553 4 0.5698889994337853 0.5421672313816636 0.5427159088617118 2.7928794026374817 1.330416414401511
554 6 0.515991511468199 0.595198894846514 0.6012329221133519 2.123098224401474 1.3871830816790853
555 8 0.3817098934634561 0.7483370219492281 0.7153454802103096 4.981843143701553 1.1815625024746017
556 10 0.4973642949283438 0.5350607412619803 0.5359963148233853 3.711627870798111 1.1561340794363297
557 10 0.35561673976035335 0.6556448472702763 0.6762974124804588 4.215254366397858 1.104252207927083
558 4 0.6673907173084952 0.4509032074157914 0.44972134795499263 1.5180352628231049 1.1906476470538236
559 14 0.34068298223226345 0.5218500531782457 0.5220251406591332 7.515254229307175 1.2386038740890497
560 3 0.4707674153564353 0.6819477670270453 0.6988490823229161 1.1445931494235992 1.2869249273919237
561 8 0.4003667281552765 0.5554961011459109 0.5559932757948228 3.601792573928833 1.275472043756213
562 6 0.6246592668269583 0.521363332895979 0.5209748367465322 3.688063323497772 1.1260544570225621
563 4 0.4046286445411632 0.5520403035896718 0.5525883841315824 2.6366320848464966 1.1378614289878906
564 4 0.32387306483493083 0.4202018133846905 0.4154013737485386 1.1605676710605621 0.9681549592512787
565 14 0.5846233982858697 0.3996401859551418 0.39447962712756274 6.9485165774822235 1.1315013730700674
566 5 0.5053567694920315 0.6271874203232574 0.6528878269460838 1.754958987236023 1.289417445763326
567 7 0.5163748155330703 0.3783115915694744 0.3721139508171084 2.751452088356018 1.1016132905759055
568 19 0.5400608195156473 0.36146476072793976 0.35006230814906103 8.97794109582901 1.1946926482024225
569 10 0.5229821413207758 0.5426846165662854 0.5434493236694359 5.701291620731354 1.313710444726232
570 10 0.4598049116207783 0.3490740362097705 0.3281665611334761 4.570194184780121 1.1511386238115047
571 8 0.45465873296203974 0.7244431693413675 0.7098743642233687 5.285656154155731 1.2311137842534374
572 10 0.6993474744061977 0.583899694669991 0.5899431746684386 5.567624866962433 1.112777743438388
573 14 0.48517647471010633 0.3790620820734561 0.37327220470176536 8.485130429267883 1.2490577481422398
574 9 0.4942511993648727 0.5832639240178494 0.5892425184273196 4.269691228866577 1.1443849821784562
575 6 0.6332801812864275 0.4730171186743378 0.4701045436607103 2.3259566128253937 1.0882239388332646
576 5 0.44731240976497627 0.5788685710302571 0.5794516925237698 2.9894290268421173 1.135096802805766
577 6 0.44632020966603103 0.5445652579033502 0.5448941675979696 2.5309353470802307 1.2284597376835578
578 5 0.5524085258597558 0.3794499203188274 0.37363946536944487 2.7892597019672394 1.0266898251032832
579 3 0.3537756822239178 0.3978419696426613 0.3917350372767935 1.9206275939941406 1.1264030455431875
580 6 0.5212215909033746 0.6140393387436871 0.6233691432747763 3.0456527173519135 1.0612701192982839
581 4 0.5508993337973135 0.4759309813123365 0.4767915590938275 1.8796270787715912 1.2807167819737089
582 3 0.48874390915248783 0.45951859695761477 0.45920332162963273 0.9636475443840027 1.2969827192061516
583 17 0.470128132749649 0.40410838340032285 0.40054851009450215 7.050853461027145 1.335318738864672
584 2 0.5628856247949885 0.5095162967050034 0.5097652573517848 1.2665488421916962 1.2162712228650858
585 11 0.3801254403690574 0.5481512074280661 0.5475824683423918 5.040446519851685 1.2915542948640164
586 16 0.4379144551668413 0.6101466084277429 0.6188935372307226 7.755523145198822 1.3984759471156227
587 4 0.4701569878471723 0.4354790826420028 0.4335676777030971 1.63677778840065 1.3032864597952287
588 6 0.21198954473822473 0.48646524183831813 0.48989337282113504 2.7884843051433563 1.1797713759774506
589 18 0.6062131429902606 0.5019899493296404 0.5039000801457174 6.844022989273071 1.115537727737129
590 11 0.7182861049010353 0.36067488527509295 0.3481197639557557 6.529036074876785 1.2256883496181628
591 7 0.4251544222243703 0.32853735484764357 0.3142125845050098 3.2272313833236694 1.1800643115426999
592 11 0.5456829000437888 0.5200297743120179 0.5180896468722463 5.83124178647995 1.3642035697210595
593 14 0.6529897013551863 0.4430387973036345 0.44067934989721236 7.217650890350342 1.2187670130484964
594 5 0.542398022216681 0.5823946647982472 0.5883026401031866 4.054771959781647 1.112681651444991
595 3 0.4253431377295096 0.41693181227891996 0.41181459323530917 1.0403921902179718 1.1212627714252115
596 15 0.4528593594774701 0.5869945993133666 0.5934149501385338 6.849857449531555 1.1985497621635404
597 4 0.5092123459888945 0.6418056431149066 0.663553805621002 1.8648298382759094 1.0751676133775927
598 3 0.4840760851060364 0.471892549331099 0.4677440702912687 1.433277279138565 1.100435943717637
599 11 0.48678947077460466 0.4623407375065325 0.4615146713389462 5.262667685747147 1.122067692420592
