0.4997544490475012
0.49981196028186553
0.49983095273394607
0.4998357327630316
0.4998413549266642
0.49985241767199395
0.49986119508735344
0.49986170666367047
0.4998653528138766
0.4998655183753618
0.49986628480688566
0.4998714248043628
0.4998730450827891
0.499889739231748
0.4998951202635026
0.49990298908834396
0.4999072789512252
0.4999080399224037
0.4999126129852779
0.49992074571761747
0.4999236108863976
0.4999243941740911
0.4999338973445445
0.4999405998834624
0.4999406526850669
0.49994324836892845
0.4999449267531083
0.4999461486929857
0.4999477944285663
0.4999492725153123
0.49995083949756813
0.4999513103639368
0.49995393467326993
0.49995698596222926
0.49995925673581626
0.49996016063478543
0.4999606770637295
0.4999618213320747
0.4999628679225348
0.49996403478206564
0.49997081982872066
0.49997308015166425
0.49997503814901956
0.4999760088169223
0.4999806505903162
0.4999812405690336
0.49998849520448335
0.499991043964897
0.49999432400898886
0.49999542187835344
0.4999958701411408
0.5000076280377638
0.500008736095396
0.5000098284223313
0.5000148851626472
0.500016720567357
0.5000197404099378
0.5000247979483233
0.5000260793629983
0.5000282528511623
0.5000306928432293
0.5000359417440302
0.500038046994958
0.500042361248172
0.5000442661426754
0.5000458221399948
0.5000478341079976
0.5000499118576764
0.5000563229712813
0.5000615691390984
0.5000644132600623
0.5000652882793164
0.5000679963249616
0.5000683739627361
0.5000695432681221
0.5000718233240766
0.5000746648753479
0.5000782205562012
0.5000794975230483
0.5000845890977906
0.5000885127189827
0.500094442953214
0.5000977314716338
0.5001001786425675
0.5001014751637454
0.5001051619125694
0.5001152283071703
0.50012391510586
0.5001260172546048
0.5001281169391463
0.5001330076064169
0.5001661807268518
0.500173888295928
0.5001776871937479
0.5001783657437949
0.5001804448673988
0.500203856413883
0.5002087057678837
0.5002511385875789
0.500276005106681
