1.1997096301156531
1.1997819080037175
1.1998101892965003
1.199825460760993
1.199851085311567
1.1998703093249834
1.199891557134954
1.1998920934999977
1.199895249245251
1.1998991705847046
1.1999066864218046
1.199907425609887
1.199909489275096
1.1999135480772052
1.1999238158608398
1.199927722152867
1.199927872483006
1.1999328591526885
1.199937213857792
1.1999393130675935
1.1999427293299965
1.1999477802522234
1.199948661094759
1.199948668944925
1.1999507727370895
1.199953863238907
1.1999625800255678
1.1999663196220653
1.1999691218087836
1.1999705078884497
1.1999726920314546
1.1999733310738239
1.1999734835193576
1.199974085785994
1.199977336269486
1.1999806270772027
1.1999833965753028
1.1999928926999328
1.1999942695698822
1.1999947001978881
1.19999522711003
1.2000005893119783
1.2000017758609411
1.2000018805923518
1.200010038552925
1.2000113863756263
1.2000114219298146
1.2000126804060838
1.2000138849293005
1.2000153892551586
1.200015993849
1.2000196430989032
1.2000238865120325
1.200030204850052
1.200033783468948
1.2000337949425026
1.2000344962339522
1.2000396302091234
1.2000462582789944
1.200047088921826
1.200050517444149
1.200052443437089
1.2000557838612844
1.200058140205276
1.200060643282533
1.2000616242531559
1.2000654136777682
1.2000735201329082
1.2000766148564406
1.2000788258386077
1.2000820802903123
1.2000854881278564
1.2000861761063646
1.2000882812399822
1.2000903163819991
1.2000913505568176
1.2000914478990619
1.2000976227594997
1.2001074369716536
1.2001086537985188
1.2001098971280975
1.2001103383761575
1.200111060671943
1.2001147512924946
1.2001176885273173
1.200124695025435
1.2001263572557124
1.2001277301401934
1.2001401739886435
1.2001404377501208
1.2001419476988902
1.200143115688427
1.2001457672589215
1.2001477636301854
1.2001485131172134
1.2001573193139397
1.2001632379050917
1.2002107692247928
1.2002159221383035
1.2002342180186194
