3 0.5032593367415868 0.5017525935662883 0.5021126010828022 1.1941629679330112
4 0.5080023173449844 0.4966061102491716 0.49670827097650944 1.1995310485483763
4 0.5011869023095128 0.5049576312991987 0.5050442765142135 1.1976635601132872
4 0.4984173854818517 0.49891703489667644 0.49879870187879743 1.1984649904190232
4 0.50241945826764 0.5050989349079907 0.505887262074912 1.2048258646621568
4 0.4948065206307724 0.5025973337678291 0.5024769008607043 1.1889158393897177
4 0.49541170056117334 0.501798586657345 0.502191036341644 1.1988301932862147
4 0.49787674731638265 0.4938577065665543 0.4939752791963881 1.2009627861689849
4 0.4997187083039193 0.5081939423838989 0.5082555276267253 1.196197289500067
4 0.5047284558919605 0.5000407659815131 0.4998793982727689 1.1988842002907014
5 0.5045603646212542 0.49926031828294387 0.49936275677822517 1.1908133066634088
5 0.5005144046359022 0.49480798319610575 0.4949825921526934 1.2016879685313413
5 0.5033769599708292 0.4988577274932441 0.49872656477175714 1.1997029065281168
5 0.4978423739066675 0.5074441152262331 0.5077250681834232 1.1936402294272566
5 0.5042073433800308 0.5010091030439439 0.501585337177258 1.203199583846784
5 0.5018812685618881 0.5031192874284739 0.502821269537989 1.1901567478084576
5 0.5037970064678859 0.49633483918604504 0.49669814110238225 1.1976473045863965
5 0.5037702673770861 0.5023766821888518 0.5024569427840042 1.1940904369745395
5 0.4973282049260205 0.5008742909101026 0.5010519978237092 1.198983019471773
5 0.5031879755545287 0.4981741406434548 0.4981441471188947 1.2061756216405914
5 0.5093459932962475 0.49807931686901163 0.49749731433061106 1.1928234851767134
5 0.49293372642336414 0.5077699342195712 0.5079548736384832 1.1995201501262627
5 0.5068426825157214 0.4982879237576088 0.4984786951905445 1.1997945123782991
5 0.5003549979817118 0.5063270411976913 0.5071313214915867 1.2038574183875148
5 0.49965838560730474 0.49662242881485663 0.49678336473405293 1.1965989744079855
5 0.4977849832188114 0.5048083699648681 0.5047800978201838 1.2044931057421187
5 0.4998149974814197 0.49452254840864546 0.4949023143058979 1.1939633564419396
5 0.49465277011887804 0.5026142686390496 0.5027170427541342 1.2011004872263613
5 0.49827379180940196 0.5013971309388123 0.5021051442260273 1.1963216869060658
5 0.48811949020226353 0.5075562629202282 0.5078105143965164 1.1995119804450387
5 0.5047178343010191 0.4941376780968329 0.49420507809230824 1.1976801459591082
5 0.49037007565684865 0.49969601736348246 0.49958314809746623 1.1956318586986143
5 0.4961591379063366 0.5004627318154445 0.49997830361663825 1.1983651904781267
5 0.4982524055302737 0.5032637565905679 0.5037078508573228 1.1942083129120393
5 0.5085551919207074 0.5048427042916293 0.5049685876559237 1.2012653531888264
5 0.4974020302065097 0.49705228176116945 0.49698005898100894 1.1979659770042597
6 0.5084216089035601 0.5003246942035092 0.49992363536312806 1.1981908470166904
6 0.49792510091583203 0.49530209792452284 0.4954631557701423 1.1977208763422855
6 0.49707844543456625 0.5029130889847695 0.5027493971682919 1.1952095844943877
6 0.4933508418821528 0.49920439485596646 0.4991956781196025 1.1995126212816318
6 0.4989741484618908 0.4925411180780696 0.49252445269761175 1.2002307399750962
6 0.49581234520126327 0.49835739442187016 0.4985161865886648 1.2001991456131198
6 0.5066024605260522 0.5054087763484308 0.5062377991367062 1.2024782466133446
6 0.49615854507679913 0.4994757906104211 0.49949262100834213 1.196742193740096
6 0.5007680742389672 0.4918543150122 0.4893421412300353 1.1950940091452609
6 0.49836774878189966 0.5023676204754299 0.5024219374822059 1.1923903589628744
6 0.4960295711851363 0.49683020095597863 0.49694196587262285 1.1932285900734727
6 0.4933029244100599 0.5006088086635367 0.5005567264819827 1.2014952747636756
6 0.4968044361170726 0.4953028059446665 0.4959040497333109 1.2045997291043897
6 0.509896149337234 0.48942558332803365 0.4886747905873205 1.2018532478967894
6 0.5076479045191832 0.5019921856845295 0.5023371500889916 1.2018123697471184
6 0.5060551637520911 0.4961899495967271 0.4962993570696218 1.2045095568036257
6 0.49228671993408907 0.49915927670524896 0.4990958175573452 1.1942465473186727
6 0.4973822239979383 0.5035777405570447 0.5041955185884871 1.203762002266829
6 0.4915028748389662 0.49999265341249344 0.49972815644446666 1.1922599381044934
6 0.5036940029225132 0.49948524277093626 0.4995657884296889 1.2005260355266707
7 0.4996035676201325 0.49435492789002083 0.49436018882669613 1.2017332839537458
7 0.49972019608168083 0.5082996620603872 0.5085771983296103 1.1990641612090809
7 0.5016881508658628 0.49817126440514564 0.49776839507398707 1.2018016832380176
7 0.5075990409897274 0.49510504026555263 0.4954454245219323 1.1938726007210425
7 0.5010600070524485 0.5044540163358847 0.5046492302607304 1.2108371456352252
7 0.5066897717810797 0.4921265063865791 0.4906624184244164 1.2052449794001219
7 0.4925299629347506 0.5077398354339099 0.5079074643871694 1.205762669349606
7 0.5040659773110038 0.4932801867559478 0.49395789279666363 1.1999873860613897
7 0.4981485367011712 0.4968636709254143 0.4969523143167039 1.189879967929567
7 0.5009766489676396 0.5007208075343982 0.5007675416759334 1.1899165932123021
7 0.5030081750753449 0.4981890756265341 0.49821499848603495 1.197964787058272
7 0.494532493643825 0.49279906841622123 0.49300585211450243 1.2014993005623331
7 0.49275681100759894 0.4963283687049975 0.4966076254630851 1.2023365921004345
7 0.5082798063605054 0.5058751833976635 0.5069451349839386 1.2020722026134356
7 0.5037360353812992 0.49912108677582634 0.4990473673037754 1.197416019200189
7 0.507269386459445 0.5113068710842159 0.5111747129066911 1.2040015341944055
7 0.4920399783484018 0.49909370247579427 0.4989230859548386 1.201253289092706
7 0.5068935321247828 0.5032224937950269 0.503445080552564 1.206777972209512
8 0.49999956691446684 0.4990111727348622 0.49888942577004974 1.2000910001561997
8 0.48700903597013645 0.5007886946409953 0.5009286052769333 1.1958479114484877
8 0.5047226282753303 0.4971723553308743 0.49706619252576567 1.198529414946675
8 0.5025486406006223 0.5054885137187832 0.5065539700555907 1.1975877539943338
8 0.4991295181000186 0.501324853159414 0.5016729775820163 1.201314757184604
8 0.48960469228301423 0.5031420845075119 0.5032863209798054 1.2011722481584055
8 0.4999120096251402 0.5054464910718051 0.5063954030553315 1.195586665195155
8 0.5062873276484519 0.5090930879385481 0.510547786696934 1.1924683042636846
8 0.4965108905603335 0.5013229916885138 0.5015977488603025 1.1914120146122353
8 0.5003679825223093 0.5006803833632307 0.50059185846572 1.2082736375751275
8 0.5001910786432355 0.5058433313186749 0.506806711164022 1.2030888007278668
9 0.5102958207105097 0.5021967330020006 0.5023762368129435 1.1949198743336011
9 0.5051970079254604 0.5005351936405137 0.5003459848474012 1.198878166345117
10 0.5010671572054061 0.5042122167104858 0.5046271751084255 1.2008791730187836
10 0.4971490945283664 0.5032033132115559 0.5032949720930228 1.1969483153385856
10 0.49799287453882723 0.5009853602575627 0.5013988059019899 1.200719014818098
10 0.500121426470191 0.49781559666517383 0.49727334655004796 1.1980140005575073
10 0.49744514226860814 0.4961845175293855 0.49619803119100214 1.2024321663324125
10 0.5003517869325551 0.5013816843454997 0.5019583166817951 1.200378632911596
10 0.5018648792299286 0.4957140195312438 0.49604615743163805 1.1998564356290058
10 0.5061627009520339 0.4925221943560721 0.49106255544323885 1.195764030046713
10 0.5042843753426105 0.49236651408725574 0.49067227192587665 1.2003871722393948
11 0.4960243745891011 0.4987113242768533 0.49857882223584316 1.193669668606733
11 0.49901193911735625 0.4989877332549825 0.4988580236283648 1.2066246646183494
11 0.5021918600071595 0.5033410697117192 0.503784191385521 1.2049859588335246
11 0.4990140084955028 0.5065017114997828 0.5073131106960046 1.1980914126027453
