0.49970128917365325 0.4997106855059947
0.4997818172821414 0.49977684580083764
0.49978480179487333 0.4997784125201023
0.4997941898972011 0.4998038373546392
0.4998284739723252 0.49981049023200647
0.4998389548744024 0.499811379759615
0.4998460737263771 0.49984477086248164
0.49984610491344655 0.4998513977893328
0.4998548859783436 0.49985426215211504
0.49988129660289105 0.49985791622776776
0.4998819807370022 0.4998579561443716
0.49989872316310885 0.49985914112048346
0.4999001378980983 0.49986014497313946
0.49990223548487306 0.49986067788972743
0.499907302734227 0.49987576614550144
0.499908479013172 0.49988268682104803
0.49991142005071043 0.49988310956403803
0.4999178004260214 0.499897239811383
0.49991876264305246 0.4998982960456425
0.49991918691647036 0.4999032859132224
0.4999223372051563 0.49990351481917095
0.49992437249876204 0.49990353373695434
0.49992961176712974 0.49990850019925853
0.4999308928714785 0.4999111428690295
0.49993656191116154 0.49991260844046825
0.4999377911465902 0.49991557210346993
0.49994425329760367 0.49992022628478705
0.49994460398065316 0.49992510857473954
0.4999454802871889 0.4999300770778958
0.4999520966648591 0.49993430701861014
0.49995305585402333 0.4999429518673893
0.4999542844129973 0.49994405818030146
0.4999599691353349 0.49994520249144453
0.49996473220590265 0.4999454030587673
0.4999660701643934 0.4999502601004863
0.49996718049706684 0.499952734275547
0.4999673795339659 0.4999627226466915
0.49996811917721157 0.49996556846485934
0.4999688026146036 0.49996749743159635
0.49996937103484795 0.49996865324092177
0.4999716027063518 0.4999742069087049
0.49997274996501306 0.4999772170924167
0.49997653979359075 0.49997856298185417
0.49997829997612997 0.4999786021999102
0.49997955434619573 0.49998112804453815
0.4999799514706833 0.49998576748181
0.49998067452948836 0.49998863661844395
0.49998163956423874 0.49998929636263945
0.4999834162908553 0.49998977694870433
0.4999834389099308 0.4999908038207019
0.4999933212612081 0.499992098438643
0.49999376532420703 0.49999471609792
0.5000035836966708 0.49999486108247126
0.5000076388234288 0.49999487140853766
0.5000083160118124 0.49999600742567024
0.5000106412580586 0.49999652309364917
0.5000139162862662 0.49999798019037994
0.5000222322330268 0.49999821521475685
0.5000234491041086 0.5000021088541022
0.5000277210380123 0.500002989478851
0.5000289606361542 0.500004768577772
0.500032454281302 0.5000051258833208
0.500037395678715 0.5000055822929526
0.5000377122513042 0.5000093064104891
0.5000404375355585 0.5000145396549348
0.500049358963636 0.5000161127076164
0.5000496684516665 0.5000162360168452
0.5000521570864773 0.5000224606098989
0.5000554496652851 0.5000226185737562
0.5000563929299188 0.5000270550517443
0.5000637249463437 0.5000281601904958
0.500066119244519 0.500029178519413
0.500070786629625 0.5000306084923254
0.5000717468624506 0.5000314840227248
0.5000742205395645 0.5000319404257682
0.5000757512805879 0.5000319652660362
0.5000784892427131 0.500032455091242
0.5000807572050313 0.5000324783950371
0.500087235009829 0.5000374727405725
0.5000887607124737 0.5000399781145689
0.5000888853281772 0.500040267474411
0.5001068491310708 0.5000556708622738
0.5001140192171202 0.5000565528227082
0.5001151811835661 0.500060263177104
0.5001157462672757 0.5000649206550911
0.5001182082757935 0.500066365206227
0.500127364155126 0.5000673743516143
0.5001276378673882 0.5000725451122854
0.500131089664238 0.5000839902285248
0.5001376458159587 0.5000896486676946
0.5001397940440834 0.5000906899260003
0.5001449673956867 0.5000958809939733
0.5001463636060116 0.5001016873708157
0.5001484907723671 0.500102457606324
0.5001507834079131 0.5001027591393661
0.5001557667176456 0.5001038097062643
0.5002121245277846 0.5001147316744146
0.5002226985255944 0.5001458283065369
0.5002278491533622 0.500178345156998
0.5002844233517411 0.5001831978351393
