6.0997244740724526
6.099734800284127
6.099804936337652
6.099834816815632
6.099839379197848
6.0998486669929655
6.099850685054721
6.0998581485703625
6.099864647040144
6.099865684530256
6.099871749238558
6.099882111203177
6.099882703600012
6.099884447914843
6.099896270733969
6.0998971085088645
6.0998972155544635
6.099898255392416
6.099899474754223
6.099900249218178
6.099900954394493
6.099902546414278
6.099906687141575
6.099916531121194
6.099932474105733
6.099937995303732
6.099941847165864
6.099944075853789
6.099945335819098
6.099945427049055
6.099945471277784
6.099946129354896
6.099954849084837
6.099957995382568
6.099962208523335
6.099965196382211
6.09996797184971
6.099971216214157
6.099973181817539
6.099974107076396
6.09998341778534
6.0999862623812415
6.099988079997106
6.099988303222279
6.0999917298286155
6.099996070801737
6.099997273458659
6.099998100861413
6.100001425031603
6.100001928287413
6.100013923121673
6.100015369848975
6.100020591824284
6.100027104648188
6.100028252588765
6.100031268692911
6.100033002426481
6.100033656932185
6.100036440924496
6.100038270339215
6.100042865950059
6.100043569002188
6.1000439145173475
6.100044486042336
6.100045806357563
6.100046271426832
6.100046341661246
6.100046869614408
6.10004732030685
6.100053064031747
6.100053994680399
6.100057498183533
6.100058072035811
6.100058227584582
6.100058977760535
6.100060401620702
6.100063660893185
6.100072304616435
6.100072436638261
6.1000726438454125
6.100074599187662
6.1000755819107235
6.100077583946724
6.100079858715159
6.100080444121312
6.10008366411472
6.100090515072186
6.100099631410686
6.100104673486687
6.100112834365244
6.100113148719638
6.100116204603086
6.100119576602537
6.1001379784035406
6.100152192092248
6.100168888609738
6.100180097380341
6.100215614211934
6.1002178543403875
6.100375226221025
