11 6.100053994680399 0.20970733172436598 0.08388293268974639 0.041941466344873196
10 6.099899474754223 0.20965698099996669 0.08386279239998667 0.04193139619999334
10 6.099937995303732 0.20968316008352608 0.08387326403341044 0.04193663201670522
11 6.100080444121312 0.2097577617685198 0.08390310470740792 0.04195155235370396
13 6.099804936337652 0.20969587880158347 0.08387835152063339 0.041939175760316694
13 6.099965196382211 0.20971037453901453 0.08388414981560581 0.041942074907802905
11 6.100053064031747 0.20966895328186777 0.0838675813127471 0.04193379065637355
10 6.100020591824284 0.20964865943343275 0.0838594637733731 0.04192973188668655
11 6.099971216214157 0.20975481224564374 0.0839019248982575 0.04195096244912875
10 6.099988303222279 0.2097039089972446 0.08388156359889784 0.04194078179944892
11 6.099946129354896 0.2097193223391098 0.08388772893564392 0.04194386446782196
12 6.099997273458659 0.20968747453678124 0.0838749898147125 0.04193749490735625
12 6.099884447914843 0.20969962567789593 0.08387985027115838 0.04193992513557919
12 6.099974107076396 0.20973115806631404 0.08389246322652562 0.04194623161326281
10 6.100074599187662 0.20976353025496774 0.0839054121019871 0.04195270605099355
10 6.100119576602537 0.20974221687943326 0.0838968867517733 0.04194844337588665
11 6.099957995382568 0.20969330339629133 0.08387732135851653 0.04193866067925826
10 6.099945471277784 0.20972705010466414 0.08389082004186565 0.04194541002093283
11 6.099962208523335 0.20974651671853312 0.08389860668741325 0.041949303343706626
11 6.100033656932185 0.20961220846577305 0.08384488338630922 0.04192244169315461
11 6.099882111203177 0.2097001150942557 0.08388004603770229 0.04194002301885114
10 6.100057498183533 0.20969030793195867 0.08387612317278346 0.04193806158639173
10 6.099850685054721 0.20969477808647016 0.08387791123458807 0.041938955617294035
10 6.099932474105733 0.2097329675952653 0.08389318703810612 0.04194659351905306
10 6.099898255392416 0.20965911578306598 0.08386364631322639 0.041931823156613195
10 6.099944075853789 0.20975930810305374 0.0839037232412215 0.04195186162061075
10 6.099896270733969 0.2097480080791757 0.08389920323167029 0.04194960161583514
11 6.100042865950059 0.2097188641839864 0.08388754567359455 0.041943772836797275
12 6.099865684530256 0.209671210250169 0.0838684841000676 0.0419342420500338
11 6.1001379784035406 0.20982053515824364 0.08392821406329745 0.041964107031648726
11 6.100033002426481 0.2097261384776541 0.08389045539106164 0.04194522769553082
13 6.1000755819107235 0.20978490124873575 0.0839139604994943 0.04195698024974715
12 6.100058977760535 0.20974436856076578 0.08389774742430631 0.041948873712153154
11 6.1000726438454125 0.20971839943093049 0.08388735977237219 0.041943679886186094
11 6.100180097380341 0.20972347972803637 0.08388939189121455 0.04194469594560728
11 6.100036440924496 0.20978972741074856 0.08391589096429942 0.04195794548214971
11 6.0999862623812415 0.20983096493229728 0.08393238597291891 0.041966192986459455
12 6.0998486669929655 0.20970513736848523 0.08388205494739409 0.041941027473697046
11 6.100060401620702 0.2097337665659288 0.08389350662637152 0.04194675331318576
15 6.0998971085088645 0.20972807351151282 0.08389122940460512 0.04194561470230256
12 6.100077583946724 0.20967630997342399 0.08387052398936959 0.041935261994684794
13 6.100043569002188 0.209691396640679 0.0838765586562716 0.0419382793281358
12 6.099734800284127 0.2098007035772175 0.083920281430887 0.0419601407154435
12 6.099998100861413 0.20971327979660653 0.08388531191864261 0.041942655959321305
11 6.0997244740724526 0.20969210060602692 0.08387684024241077 0.04193842012120538
11 6.099864647040144 0.20974387811853998 0.08389755124741599 0.041948775623707996
12 6.099945335819098 0.20969849015911232 0.08387939606364492 0.04193969803182246
11 6.099871749238558 0.2096587248768654 0.08386348995074616 0.04193174497537308
10 6.100015369848975 0.2097881340375164 0.08391525361500657 0.041957626807503284
11 6.100112834365244 0.2097680554675058 0.08390722218700232 0.04195361109350116
11 6.099945427049055 0.2096619512482923 0.08386478049931691 0.041932390249658454
13 6.100013923121673 0.2096902857853606 0.08387611431414424 0.04193805715707212
12 6.099839379197848 0.20979088406291102 0.0839163536251644 0.0419581768125822
12 6.100215614211934 0.20974532488554679 0.08389812995421872 0.04194906497710936
11 6.10004732030685 0.2096532994851315 0.08386131979405259 0.041930659897026296
11 6.100001425031603 0.2097214432897232 0.08388857731588928 0.04194428865794464
11 6.099882703600012 0.20973882356637372 0.08389552942654949 0.04194776471327474
15 6.099916531121194 0.20969918670604062 0.08387967468241625 0.041939837341208125
12 6.100045806357563 0.20968348861819672 0.08387339544727869 0.041936697723639345
14 6.100090515072186 0.20973613455042997 0.083894453820172 0.041947226910086
11 6.10008366411472 0.20974371972577716 0.08389748789031086 0.04194874394515543
10 6.100046271426832 0.20971346781164674 0.08388538712465869 0.041942693562329346
12 6.100027104648188 0.2096971586049322 0.08387886344197289 0.04193943172098644
12 6.0998972155544635 0.2097410239686397 0.08389640958745588 0.04194820479372794
12 6.099902546414278 0.20972560101338444 0.08389024040535377 0.041945120202676885
10 6.09998341778534 0.2096945805908008 0.08387783223632032 0.04193891611816016
11 6.100375226221025 0.20969261312475848 0.08387704524990339 0.041938522624951693
11 6.100113148719638 0.20970708426935655 0.08388283370774263 0.041941416853871316
12 6.0999917298286155 0.20975619155023997 0.08390247662009599 0.041951238310047996
13 6.100104673486687 0.20970473024085853 0.08388189209634342 0.04194094604817171
13 6.100001928287413 0.20967662914786975 0.0838706516591479 0.04193532582957395
14 6.100031268692911 0.2097302750600753 0.08389211002403012 0.04194605501201506
13 6.100028252588765 0.20966127165426382 0.08386450866170553 0.041932254330852764
12 6.100058072035811 0.2097222131142548 0.08388888524570191 0.04194444262285096
12 6.1002178543403875 0.20971144356661434 0.08388457742664573 0.04194228871332287
11 6.100038270339215 0.2097900120152662 0.08391600480610648 0.04195800240305324
12 6.100058227584582 0.209752324925128 0.0839009299700512 0.0419504649850256
11 6.099834816815632 0.20975067923912197 0.08390027169564879 0.041950135847824394
17 6.100152192092248 0.20974854367789114 0.08389941747115645 0.041949708735578226
16 6.099988079997106 0.20973526307905108 0.08389410523162043 0.041947052615810214
14 6.1000439145173475 0.20964630132709144 0.08385852053083659 0.041929260265418294
10 6.100072304616435 0.2097128193168198 0.08388512772672792 0.04194256386336396
10 6.099900249218178 0.2096442964375801 0.08385771857503203 0.04192885928751602
10 6.100063660893185 0.20969811103640612 0.08387924441456245 0.04193962220728122
12 6.099900954394493 0.20969392335080644 0.08387756934032257 0.04193878467016129
15 6.100116204603086 0.2096785472294603 0.08387141889178412 0.04193570944589206
14 6.100046341661246 0.20967451067451975 0.0838698042698079 0.04193490213490395
13 6.100099631410686 0.20977098743356248 0.08390839497342499 0.041954197486712495
16 6.100072436638261 0.20980273754370576 0.08392109501748231 0.041960547508741154
17 6.099906687141575 0.20968195834463857 0.08387278333785543 0.041936391668927715
14 6.100079858715159 0.20973441919850688 0.08389376767940275 0.041946883839701375
15 6.099954849084837 0.20965719557062598 0.08386287822825039 0.041931439114125196
15 6.099973181817539 0.20969870676511088 0.08387948270604435 0.04193974135302218
13 6.0998581485703625 0.20976717376241688 0.08390686950496676 0.04195343475248338
13 6.099941847165864 0.20963633042580698 0.08385453217032279 0.041927266085161397
15 6.100046869614408 0.20975721796812355 0.08390288718724942 0.04195144359362471
15 6.100044486042336 0.20970296094908825 0.08388118437963529 0.041940592189817646
17 6.099996070801737 0.20976893613903289 0.08390757445561316 0.04195378722780658
14 6.09996797184971 0.20965879431838536 0.08386351772735415 0.041931758863677074
14 6.100168888609738 0.209742583889109 0.0838970335556436 0.0419485167778218
